spec_dndz_config/desi_config/auxiliar_files/Desi_data.ecsv
# %ECSV 0.9
# ---
# datatype:
# - {name: ZMIN, datatype: float64}
# - {name: ZMAX, datatype: float64}
# - {name: BGS_BRIGHT, datatype: float64}
# - {name: BGS_FAINT, datatype: float64}
# - {name: LRG, datatype: float64}
# - {name: ELG_LOP, datatype: float64}
# - {name: ELG_VLO, datatype: float64}
# - {name: QSO, datatype: float64}
# - {name: FDR, datatype: float64}
# schema: astropy-2.0
ZMIN          ZMAX   BGS_BRIGHT BGS_FAINT   LRG        ELG_LOP    ELG_VLO         QSO          FDR
0.00000      0.10000   101.06    9.39786   0.68715      9.60000     0.100000      0.053808     116.5
0.100000     0.20000   231.26    51.4155   1.42151      21.0000     0.200000      0.125769     307.4
0.200000     0.30000   216.88    106.700   6.44689      11.9000     0.300000      0.246936     190.9
0.300000     0.40000   97.279    88.0964   29.5157      6.30000     0.500000      0.611204     73.2
0.400000     0.50000   29.104    46.9621   47.4942      6.40000     0.500000       1.14342     12.0
0.500000     0.60000   4.1365    13.4591   65.5949      5.00000     0.500000       1.97395     0.0
0.600000     0.70000  0.28628    1.98596   79.9872      12.6000      1.90000       3.30449     83.2
0.700000     0.80000 0.040898   0.209661   93.1629      54.4000      15.6000       4.74776     98.6
0.800000     0.90000 0.046740  0.0504739   99.3508      102.400      40.0000       6.33445     192.3
0.900000     1.00000 0.026291  0.0252370   63.6727      120.200      46.6000       7.25777     209.4
1.00000      1.10000  0.00000   0.00000    28.2750      114.100      28.9000       8.32527     144.1
1.10000      1.20000  0.00000   0.00000    10.1852      108.000      20.2000       9.43954     135.3
1.20000      1.30000  0.00000   0.00000    2.74062      103.600      13.9000       10.4725     133.7
1.30000      1.40000  0.00000   0.00000    0.70636      97.1000      8.60000       11.2003     52.3
1.40000      1.50000  0.00000   0.00000    0.00000      87.7000      3.40000       11.6559     46.6
1.50000      1.60000  0.00000   0.00000    0.00000      55.4000      0.80000       12.1037     32.9
1.60000      1.70000  0.00000   0.00000    0.00000      9.20000      0.10000       12.1505     8.7
1.70000      1.80000  0.00000   0.00000    0.00000      0.00000      0.00000       11.8338     8.7
1.80000      1.90000  0.00000   0.00000    0.00000      0.00000      0.00000       11.1190     8.6
1.90000      2.00000  0.00000   0.00000    0.00000      0.00000      0.00000       10.6021     8.2
2.00000      2.10000  0.00000   0.00000    0.00000      0.00000      0.00000       9.53847     7.5
2.10000      2.20000  0.00000   0.00000    0.00000      0.00000      0.00000       8.77005     6.9
2.20000      2.30000  0.00000   0.00000    0.00000      0.00000      0.00000       7.98861     5.3
2.30000      2.40000  0.00000   0.00000    0.00000      0.00000      0.00000       7.16498     4.8
2.40000      2.50000  0.00000   0.00000    0.00000      0.00000      0.00000       6.19871     4.3
2.50000      2.60000  0.00000   0.00000    0.00000      0.00000      0.00000       5.26081     3.9
2.60000      2.70000  0.00000   0.00000    0.00000      0.00000      0.00000       4.42030     3.4
2.70000      2.80000  0.00000   0.00000    0.00000      0.00000      0.00000       3.59208     3.1
2.80000      2.90000  0.00000   0.00000    0.00000      0.00000      0.00000       3.28992     2.8
2.90000      3.00000  0.00000   0.00000    0.00000      0.00000      0.00000       2.58976     2.6
3.00000      3.10000  0.00000   0.00000    0.00000      0.00000      0.00000       2.17257     2.2
3.10000      3.20000  0.00000   0.00000    0.00000      0.00000      0.00000       1.69481     1.9
3.20000      3.30000  0.00000   0.00000    0.00000      0.00000      0.00000       1.39726     1.6
3.30000      3.40000  0.00000   0.00000    0.00000      0.00000      0.00000       1.07593     1.4
3.40000      3.50000  0.00000   0.00000    0.00000      0.00000      0.00000       0.71549     1.1
3.50000      3.60000  0.00000   0.00000    0.00000      0.00000      0.00000       0.51610     0.9
3.60000      3.70000  0.00000   0.00000    0.00000      0.00000      0.00000       0.40491     0.8
3.70000      3.80000  0.00000   0.00000    0.00000      0.00000      0.00000       0.35046     0.6
3.80000      3.90000  0.00000   0.00000    0.00000      0.00000      0.00000       0.28681     0.5
3.90000      4.00000  0.00000   0.00000    0.00000      0.00000      0.00000       0.21855     0.4
4.00000      4.10000  0.00000   0.00000    0.00000      0.00000      0.00000       0.14493     0.3
4.10000      4.20000  0.00000   0.00000    0.00000      0.00000      0.00000       0.08434     0.0
4.20000      4.30000  0.00000   0.00000    0.00000      0.00000      0.00000       0.08205     0.0
4.30000      4.40000  0.00000   0.00000    0.00000      0.00000      0.00000       0.03680     0.0
4.40000      4.50000  0.00000   0.00000    0.00000      0.00000      0.00000       0.02070     0.0


