4.504387062129927217e+05 2.402103871357186872e+05 5.516768237737761228e+04 2.871909009660566226e+05 3.920256966204074706e+04 -8.000814867978897382e+03 -1.341634820331128503e+04 -1.206727727044238600e+04 -9.960347786943371830e+03 1.314172680873858917e+04 1.764799102295930879e+03 2.543581525509254789e+03 4.203028416187157745e+03 4.980615518645442535e+03 5.772270910202128107e+03 -7.909376509623114544e+03 -3.068632725732088875e+04 -4.513203879853834223e+04 -5.059436169017868815e+04 -4.167302523760637268e+04 2.980714459658177162e+01 -4.898545972543433322e+02 -8.993550119414067012e+02 -1.307612616949597623e+03 -6.128959703609169992e+03 -5.618572170303367784e+03 -6.308628856127857944e+03 -5.755617646442623482e+03 -5.245326954230206866e+03 -4.720924383806156584e+03 -4.823470634654358946e+03 2.278680326563733871e+01
2.402103871357177850e+05 3.434127985360998427e+05 -8.583095412086695433e+03 2.706367463881996810e+05 -1.013463517404247978e+04 1.046665234512358802e+04 3.989268331439026042e+03 -6.399523008751217276e+03 -2.764546105746335797e+03 -2.646808710129028623e+04 -2.584155798596970726e+03 -6.538428606821773428e+03 -1.125418086106831652e+04 -1.550536555816819782e+04 -2.092535229688444451e+04 -6.092016934340437729e+03 -2.187200439458258188e+04 -3.123212142806431439e+04 -3.468930509345392784e+04 -2.781309440992703821e+04 7.381471759517575038e+01 -2.143492625676935290e+02 -4.335397818398957952e+02 -7.896242820629280459e+02 -4.105259256551114049e+03 2.653555509932462883e+03 6.293270860534881649e+03 9.775351152014820400e+03 1.341904584488667751e+04 1.945967681492536212e+04 -3.888673244203593640e+03 3.616783484912755142e+01
5.516768237737764866e+04 -8.583095412086786382e+03 1.716747099865911514e+04 2.713969837771276616e+03 1.334310566909017143e+04 -4.683066500421556157e+03 -1.452697452947391412e+03 -5.818673413424477303e+02 -1.041505784959607809e+03 9.586106109667549390e+03 6.318298803758666509e+02 1.786392983895405223e+03 3.171879044914799124e+03 4.064948798593573429e+03 5.161197950427533215e+03 -1.146625930392948248e+03 -3.496332383760736775e+03 -4.451096207920364577e+03 -4.348454508996280310e+03 -3.052872108302064589e+03 3.279588796544650364e+01 -8.293501151351579281e+00 -5.188356878867170252e+01 -9.733733388719802804e+01 -4.587110631502906699e+02 -7.430894916618592561e+02 -1.660615879716693826e+03 -2.673838268076152417e+03 -3.519647101478835793e+03 -4.478177325849613226e+03 -6.204818801879297325e+02 1.763966135160908166e+01
2.871909009660563897e+05 2.706367463882009033e+05 2.713969837771428047e+03 3.212555194979148218e+05 -5.733228349159167919e+03 5.055492125990645036e+03 -7.773549341308698786e+03 -4.818885572995305665e+03 6.652879544901725239e+02 -1.539244217752735676e+04 2.422696041399627518e+02 -2.449882089370765243e+03 -4.195870781502096179e+03 -6.537422321032944637e+03 -9.328518226780770419e+03 -5.701173945888042908e+03 -2.366902258649737632e+04 -3.528339210124677629e+04 -3.971716374993943464e+04 -3.285548039937407157e+04 -2.664738566362793648e+01 -4.626968866615203524e+02 -7.777273741599725554e+02 -1.075147600744843658e+03 -4.829915333889551221e+03 -3.692940497507013333e+03 -1.844357732075170134e+03 1.311761586408287030e+03 4.848696208203860806e+03 8.347531738318717544e+03 -3.473276295469500837e+03 2.488674623791303553e+00
3.920256966204064520e+04 -1.013463517404241793e+04 1.334310566909006411e+04 -5.733228349159018762e+03 1.098574006513631684e+04 -3.652070957255993108e+03 -1.042581478379512646e+03 -9.306984453312004462e+02 -1.613543231659967432e+03 7.846629568243212816e+03 4.368768671781356261e+02 1.347967799329932632e+03 2.352198484740875756e+03 3.073333772779990340e+03 4.031351326037370200e+03 -5.813127180827946177e+02 -1.780779293410525952e+03 -2.437744316283832177e+03 -2.602755900585370455e+03 -2.041396916335371543e+03 1.722942954629940004e+01 -2.287931798239617454e+00 -2.706288700504800815e+01 -5.481826985484918424e+01 -3.026475252192878429e+02 -5.033065313303609969e+02 -1.197628926636129336e+03 -1.960024015526168569e+03 -2.656949173709162551e+03 -3.462805095575678024e+03 -3.461237209030526287e+02 6.816248639502695106e+00
-8.000814867978980146e+03 1.046665234512354800e+04 -4.683066500421541605e+03 5.055492125990745080e+03 -3.652070957256000838e+03 3.001742356319632381e+05 -1.043629559277915687e+05 -5.319916736201835192e+02 4.921521660741826054e+03 2.256544214916713713e+02 -1.015698967575946335e+04 4.079940982201133920e+03 -1.358152681361955047e+03 2.134207256015667156e+02 2.059551061334089894e+01 -3.212227831344002880e+03 -5.940736222978946444e+02 -5.761147153393773806e+03 -1.647188218600158962e+03 2.857919120207973265e+02 9.747936680788921393e+00 1.024648264375536399e+02 -3.176750438002554802e+02 -1.373110380152698156e+02 5.919252895987406049e+01 3.871411471035538398e+03 -7.641259634538349928e+03 1.367451864341940563e+03 1.091827794756589469e+02 -1.996792484754503327e+00 -2.073216388128011545e+02 5.866534408943440582e+01
-1.341634820331134324e+04 3.989268331438910536e+03 -1.452697452947410511e+03 -7.773549341308664225e+03 -1.042581478379534246e+03 -1.043629559277917142e+05 7.866124053803505376e+05 -1.525728400260953058e+05 3.372197775673711021e+03 7.235012335806623014e+02 -4.189020928806316078e+03 1.941122344601208397e+03 7.262563913529755155e+03 -2.162664086344587759e+03 -1.133298704373589487e+02 -9.926590821618108293e+02 -6.687435105383613518e+03 5.294548831947107828e+03 -2.835764108378091805e+03 -1.799063894653861553e+03 7.502527538451745670e+01 2.898788320825168512e+02 3.634916694082276223e+01 -7.475039369919021226e+01 -3.971682163552938505e+02 1.103031462876451769e+04 5.201074211507718246e+03 -1.046489616188312539e+04 2.058083113103807591e+03 1.746521528041892566e+02 -5.340342525784224108e+02 5.485690077233495288e+01
-1.206727727044250059e+04 -6.399523008750974441e+03 -5.818673413424580758e+02 -4.818885572995081020e+03 -9.306984453312506957e+02 -5.319916736201371350e+02 -1.525728400260954513e+05 1.082403190143700689e+06 -1.910696954737119959e+05 -2.083413370709021365e+03 1.988024296906443169e+03 -8.908144618018812253e+03 7.403725355486566514e+03 1.034404030834666264e+04 -8.731466688635603646e+01 -4.236773041522052381e+02 -1.373379615954052497e+03 -8.121281499100581641e+03 4.835741209142499429e+03 -2.840907398681517407e+03 9.012306038185927903e+00 5.392786948130044067e+01 3.599831770899915000e+02 1.935052189088610817e+02 -5.235181808184674992e+02 -6.225295778066135881e+02 1.442309037002820151e+04 1.136711135799774866e+03 -1.334594435644626537e+04 -8.686491638825869188e+01 -7.113318401501770722e+02 2.253015592548982227e+01
-9.960347786943348183e+03 -2.764546105746224384e+03 -1.041505784959657376e+03 6.652879544901416011e+02 -1.613543231660027232e+03 4.921521660741940650e+03 3.372197775672916578e+03 -1.910696954737121996e+05 1.444848834350106539e+06 2.827517787552415939e+03 -1.773294072055384447e+02 2.341620768619673981e+03 -1.006224867264015484e+04 3.373999966154512367e+04 1.506881497013523017e+02 -3.026394035951840777e+01 1.018671327988159589e+02 -4.143539631130069552e+02 -6.665396841544971721e+03 4.489515190541134871e+03 1.996282596336549142e+00 -2.107529267687901608e+01 6.029691131716461427e+01 1.058382928692074785e+02 7.983746271125382918e+02 2.637991623829786931e+02 -1.037617045770503637e+03 1.412353770098978384e+04 7.534183493711181654e+03 7.529932746074416627e+01 -5.256343572614791810e+02 -2.531441788612047361e+01
1.314172680873852914e+04 -2.646808710129024985e+04 9.586106109667534838e+03 -1.539244217752733675e+04 7.846629568243204631e+03 2.256544214916671649e+02 7.235012335806504780e+02 -2.083413370709015453e+03 2.827517787552313621e+03 3.363707076632643584e+05 -2.332960906463901551e+01 1.922718500157455424e+01 -1.061679615450361780e+02 6.434014060849673342e+02 3.239003660492947893e+04 4.825687167860927929e+01 1.521309325281681879e+02 2.919903988531379468e+02 3.316634413630127369e+02 2.996114252132373167e+03 -7.944895060635049910e-01 8.656355900154329985e-01 -5.389894798919700136e+00 4.132397286510479972e+01 4.946458783420106897e+02 -2.557630945969866687e+01 -6.299490528123786248e+01 7.665544885032657874e+01 3.484505071636432660e+01 -4.861910262420678919e+03 4.726787729166149887e+01 3.298525195209272454e+00
1.764799102295913599e+03 -2.584155798596975728e+03 6.318298803758675604e+02 2.422696041399659919e+02 4.368768671781363082e+02 -1.015698967575947063e+04 -4.189020928806322445e+03 1.988024296906448626e+03 -1.773294072055375352e+02 -2.332960906463940631e+01 2.908949763289027032e+03 -8.099241460923288969e+02 1.021612226227285163e+02 1.910679180341092831e+01 2.050662706320550033e+00 1.931060396089169018e+01 3.095991042976198315e+00 3.445445627364123453e+01 1.852856060956312660e+02 3.509875904280750092e+01 -8.596916176388550213e+00 -1.873703631841561634e+00 -1.250271113822005375e+01 4.788551965390345444e+00 8.196728814237420835e+00 -2.535809393548092430e+03 5.576943234258360462e+02 1.947639542194592366e+01 -1.951187519509702284e+01 -4.041073155112642645e+00 4.285115154207160515e+01 -1.012511709425343298e+00
2.543581525509233870e+03 -6.538428606821748872e+03 1.786392983895406132e+03 -2.449882089370766153e+03 1.347967799329933541e+03 4.079940982201133465e+03 1.941122344601222494e+03 -8.908144618018814072e+03 2.341620768619720820e+03 1.922718500157603572e+01 -8.099241460923288969e+02 9.297159519522725532e+03 -9.153553943106180668e+02 -7.788252804711153487e+01 -7.747402716689287816e-01 -1.002544887289706210e+01 -2.401926102313859985e+02 -7.024521817274323610e+01 -8.840771548304684302e+01 -3.114550035509848058e+01 3.095529637211125618e+00 9.650149342849154266e+00 -1.557272433329942452e+01 5.041284935345355045e+00 -6.385641751302213009e+00 7.063853798483361288e+02 -6.927661371312156916e+03 4.818934423971610386e+02 1.176906774031154299e+02 2.362714444797882063e+00 -1.087565991755118411e+01 1.456475867257855938e+00
4.203028416187166840e+03 -1.125418086106824740e+04 3.171879044914808674e+03 -4.195870781502076170e+03 2.352198484740864842e+03 -1.358152681361968234e+03 7.262563913529777892e+03 7.403725355486678382e+03 -1.006224867264004570e+04 -1.061679615450633776e+02 1.021612226227293974e+02 -9.153553943106181805e+02 1.411336915743780810e+04 -6.639175410954912877e+02 -1.005525901102548136e+00 -6.116817577715402798e+00 3.802583873242535617e+01 -2.553505212948473400e+02 1.506370021666348613e+01 -7.045933142953288097e+00 1.262461053179461112e-01 -1.479703510940810096e+00 1.472800944555427982e+01 -1.162206858146520183e+01 7.071639897643655637e+00 -8.933907792555189076e+00 8.033555273755238204e+02 -9.917154287947814737e+03 2.641187456296368623e+02 -7.769535509584430955e+00 -1.340452188206508843e+01 1.199154950535660652e-01
4.980615518645425254e+03 -1.550536555816818691e+04 4.064948798593562969e+03 -6.537422321032920081e+03 3.073333772779978972e+03 2.134207256015685914e+02 -2.162664086344587304e+03 1.034404030834662262e+04 3.373999966154522554e+04 6.434014060849638099e+02 1.910679180341076489e+01 -7.788252804710805322e+01 -6.639175410954957215e+02 1.970872431033444082e+04 1.926801075126022411e+01 3.567505849436312992e+00 8.373207132976132172e+00 2.503117721093411419e+01 -1.582251961129902327e+02 -2.313684219739905643e+02 -2.025172288454814007e-01 5.856261318647917186e-02 -3.195012268595591176e-01 -7.871100957320695812e-01 -4.374383890022262733e+01 -2.581876297344729920e+01 8.539963975287948017e+01 4.636865019514543746e+02 -1.488800571779459096e+04 3.345023401143082253e+01 -2.713236840038769859e+00 1.582886992637162066e-02
5.772270910202131745e+03 -2.092535229688444815e+04 5.161197950427546857e+03 -9.328518226780755867e+03 4.031351326037368381e+03 2.059551061333969102e+01 -1.133298704373452068e+02 -8.731466688635524065e+01 1.506881497013267790e+02 3.239003660492948256e+04 2.050662706320660167e+00 -7.747402716700440006e-01 -1.005525901101017361e+00 1.926801075126108032e+01 1.170167250357309422e+04 7.630719101335753152e+00 3.951386591369643497e+01 7.137571362639906170e+01 9.872155263728780028e+01 -1.832693284841015497e+02 -3.145519401085108413e-01 -5.638908309504614413e-01 -5.798968112929932944e-02 -1.466378345632399105e+00 -1.601559939396518928e+01 -1.914947546781384702e+01 -3.304717746972013970e+01 -2.400460388101662801e+01 -6.605706378907457044e+00 -9.366278583004735992e+03 9.085272742170372950e+00 -8.379635327597458883e-01
-7.909376509623103630e+03 -6.092016934340454100e+03 -1.146625930392946429e+03 -5.701173945888079288e+03 -5.813127180827917755e+02 -3.212227831344005153e+03 -9.926590821618088967e+02 -4.236773041522079097e+02 -3.026394035951762262e+01 4.825687167860900217e+01 1.931060396089172571e+01 -1.002544887289689690e+01 -6.116817577715329968e+00 3.567505849436180210e+00 7.630719101335751375e+00 4.313012591317963961e+04 -2.246369460897095450e+03 -1.288233575934919600e+03 -6.935095212530972049e+02 -2.574699507737258841e+02 -7.839173173375427268e+02 -2.841241198195151085e+01 -2.682711097871476369e+01 -2.045135183150028624e+01 -3.669825661929400695e+01 -6.112166151645191121e+02 -2.095905346024124469e+02 -6.321806770571618728e+01 -1.987292541035947835e+01 -3.609553777840521782e+00 4.286415554980031629e+03 -6.277655597999728343e+02
-3.068632725732088875e+04 -2.187200439458249093e+04 -3.496332383760729954e+03 -2.366902258649745272e+04 -1.780779293410530727e+03 -5.940736222978946444e+02 -6.687435105383622613e+03 -1.373379615954057272e+03 1.018671327988208759e+02 1.521309325281660847e+02 3.095991042976579344e+00 -2.401926102313863680e+02 3.802583873242658541e+01 8.373207132975867495e+00 3.951386591369739421e+01 -2.246369460897096360e+03 6.074510353369746008e+04 -4.576081912203094362e+03 -3.037174696868493356e+03 -1.328575912306059536e+03 5.499900875780669196e+01 -9.984685212734670756e+01 -5.654384009845794878e+01 -6.901165323070063096e+01 -1.806174964808723757e+02 2.617253525196881014e+01 -8.286061124990842472e+02 -2.021487279864840616e+02 -4.461029654082997098e+01 -2.737986417180161425e+01 3.018393184478157309e+03 -2.057571169274821159e+02
-4.513203879853835679e+04 -3.123212142806444172e+04 -4.451096207920360939e+03 -3.528339210124669626e+04 -2.437744316283833086e+03 -5.761147153393777444e+03 5.294548831947136023e+03 -8.121281499100564361e+03 -4.143539631129972349e+02 2.919903988531427785e+02 3.445445627364193086e+01 -7.024521817274256819e+01 -2.553505212948460326e+02 2.503117721093335746e+01 7.137571362639839379e+01 -1.288233575934917326e+03 -4.576081912203095271e+03 5.478223484484470100e+04 -5.069454192099479769e+03 -2.267985136786542171e+03 4.949658092721097091e+01 7.776568577521038605e+01 2.316381659827782755e+02 -1.169727288849613416e+02 -2.993016487615776668e+02 7.479786704074438148e+02 7.063102734856063591e+01 -6.964915655120105384e+02 -1.038094083408992532e+02 -4.864534132570076963e+01 1.633979085653873881e+03 2.014234856177564126e+01
-5.059436169017869543e+04 -3.468930509345399332e+04 -4.348454508996279401e+03 -3.971716374993939826e+04 -2.602755900585370910e+03 -1.647188218600123264e+03 -2.835764108378116816e+03 4.835741209142511252e+03 -6.665396841544950803e+03 3.316634413630110885e+02 1.852856060956295607e+02 -8.840771548304520877e+01 1.506370021666527137e+01 -1.582251961129898348e+02 9.872155263728785712e+01 -6.935095212530960680e+02 -3.037174696868495175e+03 -5.069454192099475222e+03 3.973633932936030760e+04 -3.003424073544009389e+03 2.920355149017376917e+01 3.655730038108761448e+01 8.447690691538915075e+01 6.218219310107381261e+02 -4.061852338974569534e+02 5.000564643876117543e+02 1.203587302709574715e+03 3.940422492669826511e+02 -4.090814206908036681e+02 -7.441041740104604685e+01 4.946355585093222089e+02 9.549391050778473300e+01
-4.167302523760637268e+04 -2.781309440992702730e+04 -3.052872108302051856e+03 -3.285548039937412250e+04 -2.041396916335369724e+03 2.857919120208021013e+02 -1.799063894653882926e+03 -2.840907398681498307e+03 4.489515190541146694e+03 2.996114252132372712e+03 3.509875904280706749e+01 -3.114550035509925863e+01 -7.045933142950742578e+00 -2.313684219739894843e+02 -1.832693284841019761e+02 -2.574699507737255999e+02 -1.328575912306056352e+03 -2.267985136786542625e+03 -3.003424073544004386e+03 1.494812176832723344e+04 1.132774318958662541e+01 1.341469991766587988e+01 2.163063080317531117e+01 2.161339844339711647e+01 2.145527588065068812e+03 2.859261588076021781e+02 6.674853861200167557e+02 8.881289343018351019e+02 7.905241633399994043e+02 4.416032693667971785e+02 -2.167538962985737783e+02 3.969358833465198444e+01
2.980714459658238269e+01 7.381471759517610565e+01 3.279588796544656049e+01 -2.664738566362818872e+01 1.722942954629937162e+01 9.747936680788971131e+00 7.502527538451735722e+01 9.012306038185972312e+00 1.996282596336583559e+00 -7.944895060635097650e-01 -8.596916176388559094e+00 3.095529637211124285e+00 1.262461053179419757e-01 -2.025172288454756553e-01 -3.145519401085110633e-01 -7.839173173375424994e+02 5.499900875780668486e+01 4.949658092721096381e+01 2.920355149017377983e+01 1.132774318958662541e+01 6.282658121228466541e+01 -1.822072893238861624e-01 8.770865395090822192e-01 7.901705679831005913e-01 1.596908667597730869e+00 2.689441558493620832e+01 8.012888827809423020e+00 2.323525255269565548e+00 8.570530880067410706e-01 2.499068586658847735e-01 -1.184934623114942553e+02 1.570126538441890318e+01
-4.898545972543406606e+02 -2.143492625676934153e+02 -8.293501151351547307e+00 -4.626968866615201819e+02 -2.287931798239615233e+00 1.024648264375533131e+02 2.898788320825173059e+02 5.392786948130055436e+01 -2.107529267687931807e+01 8.656355900155181526e-01 -1.873703631841581840e+00 9.650149342849260847e+00 -1.479703510940901134e+00 5.856261318646777125e-02 -5.638908309504920835e-01 -2.841241198195153217e+01 -9.984685212734751758e+01 7.776568577521042869e+01 3.655730038108760738e+01 1.341469991766592607e+01 -1.822072893238854685e-01 5.096079726912328312e+01 3.703276297409177520e+00 1.109726137834469384e+00 1.655671400755273082e+00 -2.033156565414375283e+00 2.472802628304108907e+01 2.015183160746597757e+00 -6.443947626051323985e-01 6.505220663380867352e-01 -5.411122014053084683e+01 3.318201451902041743e+00
-8.993550119414034043e+02 -4.335397818398955110e+02 -5.188356878867160304e+01 -7.777273741599752839e+02 -2.706288700504802591e+01 -3.176750438002561054e+02 3.634916694082303223e+01 3.599831770899913295e+02 6.029691131716418084e+01 -5.389894798919878660e+00 -1.250271113822007862e+01 -1.557272433329943873e+01 1.472800944555419989e+01 -3.195012268595542881e-01 -5.798968112937495645e-02 -2.682711097871476369e+01 -5.654384009845789905e+01 2.316381659827779913e+02 8.447690691538893759e+01 2.163063080317520459e+01 8.770865395090818861e-01 3.703276297409181073e+00 5.877159539808334898e+01 4.933050287149472801e+00 3.729621198127437864e+00 3.237610972906374940e+01 1.611847539980069755e+01 2.851689852138235182e+01 2.168113612802594847e+00 -3.871609935080898568e-01 -5.258608915552113672e+01 3.994997169379886914e-01
-1.307612616949593075e+03 -7.896242820629295238e+02 -9.733733388719804225e+01 -1.075147600744842748e+03 -5.481826985484898529e+01 -1.373110380152685650e+02 -7.475039369919227283e+01 1.935052189088616785e+02 1.058382928692074501e+02 4.132397286510492052e+01 4.788551965390325904e+00 5.041284935345329288e+00 -1.162206858146511124e+01 -7.871100957319920877e-01 -1.466378345632375790e+00 -2.045135183150030400e+01 -6.901165323070043200e+01 -1.169727288849612137e+02 6.218219310107378988e+02 2.161339844339728700e+01 7.901705679830985929e-01 1.109726137834464943e+00 4.933050287149473689e+00 4.603203610052880634e+01 2.619346704866760689e+00 1.699954717630800616e+01 3.975138941323923092e+01 1.268164016361598811e+01 1.338679580123696411e+01 4.982654663709583431e+00 -2.921418937228085255e+01 -2.780689300702104405e-01
-6.128959703609170901e+03 -4.105259256551112230e+03 -4.587110631502894762e+02 -4.829915333889545764e+03 -3.026475252192880703e+02 5.919252895987453655e+01 -3.971682163552952147e+02 -5.235181808184629517e+02 7.983746271125421572e+02 4.946458783420102918e+02 8.196728814237337346e+00 -6.385641751302347124e+00 7.071639897644008244e+00 -4.374383890022217969e+01 -1.601559939396522481e+01 -3.669825661929395011e+01 -1.806174964808721199e+02 -2.993016487615778942e+02 -4.061852338974565555e+02 2.145527588065069722e+03 1.596908667597730425e+00 1.655671400755271971e+00 3.729621198127446302e+00 2.619346704866757136e+00 3.158680367037811152e+02 3.373740441379835886e+01 8.953889425075482222e+01 1.301378433969221646e+02 1.252352777244737041e+02 5.826441637931365136e+01 -2.969453228936361810e+01 5.399389629516344158e+00
-5.618572170303369603e+03 2.653555509932455152e+03 -7.430894916618661910e+02 -3.692940497507015607e+03 -5.033065313303658286e+02 3.871411471035530667e+03 1.103031462876452497e+04 -6.225295778066059711e+02 2.637991623829800574e+02 -2.557630945969859226e+01 -2.535809393548092430e+03 7.063853798483354467e+02 -8.933907792554647287e+00 -2.581876297344684090e+01 -1.914947546781397847e+01 -6.112166151645188847e+02 2.617253525196913699e+01 7.479786704074440422e+02 5.000564643876101627e+02 2.859261588076018370e+02 2.689441558493622253e+01 -2.033156565414408590e+00 3.237610972906370677e+01 1.699954717630809142e+01 3.373740441379831623e+01 3.991982170315938220e+03 4.419323357972406257e+02 1.681662037489126647e+02 9.652374493386750487e+01 1.708838570398907564e+01 -6.408743173372108970e+01 1.208003692359756265e+01
-6.308628856127864310e+03 6.293270860534825260e+03 -1.660615879716702239e+03 -1.844357732075163995e+03 -1.197628926636139113e+03 -7.641259634538338105e+03 5.201074211507695509e+03 1.442309037002821424e+04 -1.037617045770540244e+03 -6.299490528123907040e+01 5.576943234258362736e+02 -6.927661371312186930e+03 8.033555273755182498e+02 8.539963975288300446e+01 -3.304717746972190184e+01 -2.095905346024120774e+02 -8.286061124990851567e+02 7.063102734855881693e+01 1.203587302709574487e+03 6.674853861200158462e+02 8.012888827809415915e+00 2.472802628304114592e+01 1.611847539980070465e+01 3.975138941323925224e+01 8.953889425075493591e+01 4.419323357972392046e+02 8.826443513956486640e+03 6.129878045496789127e+02 1.447604695583422654e+02 2.815602946968671105e+01 -8.380772394799711833e+01 1.155197367084425863e+01
-5.755617646442615296e+03 9.775351152014833133e+03 -2.673838268076159693e+03 1.311761586408249059e+03 -1.960024015526160156e+03 1.367451864341941928e+03 -1.046489616188314176e+04 1.136711135799733711e+03 1.412353770098973837e+04 7.665544885034182698e+01 1.947639542194542273e+01 4.818934423971597312e+02 -9.917154287947809280e+03 4.636865019514534083e+02 -2.400460388101515008e+01 -6.321806770571585332e+01 -2.021487279864831521e+02 -6.964915655120092879e+02 3.940422492669823100e+02 8.881289343018355567e+02 2.323525255269557999e+00 2.015183160746518265e+00 2.851689852138236603e+01 1.268164016361601121e+01 1.301378433969221362e+02 1.681662037489130910e+02 6.129878045496765253e+02 1.055798565607566525e+04 5.558052217712291849e+02 3.069612302800367942e+01 -6.990225235341036125e+01 4.554073816896200277e+00
-5.245326954230182309e+03 1.341904584488669570e+04 -3.519647101478837158e+03 4.848696208203859896e+03 -2.656949173709156184e+03 1.091827794756618175e+02 2.058083113103766664e+03 -1.334594435644623627e+04 7.534183493711107985e+03 3.484505071635940965e+01 -1.951187519509699442e+01 1.176906774031105556e+02 2.641187456296337359e+02 -1.488800571779459824e+04 -6.605706378906148757e+00 -1.987292541035951743e+01 -4.461029654083039020e+01 -1.038094083409001485e+02 -4.090814206908043502e+02 7.905241633400016781e+02 8.570530880067414037e-01 -6.443947626051244049e-01 2.168113612802643253e+00 1.338679580123700674e+01 1.252352777244737183e+02 9.652374493386763277e+01 1.447604695583464149e+02 5.558052217712314587e+02 1.404937717712153062e+04 1.016095283366627200e+01 -3.784691826971645412e+01 1.023436781398423534e-02
-4.720924383806149308e+03 1.945967681492535485e+04 -4.478177325849595945e+03 8.347531738318724820e+03 -3.462805095575679388e+03 -1.996792484753660446e+00 1.746521528041743920e+02 -8.686491638825943085e+01 7.529932746076171668e+01 -4.861910262420682557e+03 -4.041073155112719029e+00 2.362714444798879931e+00 -7.769535509583665345e+00 3.345023401143027542e+01 -9.366278583004734173e+03 -3.609553777840495581e+00 -2.737986417180045606e+01 -4.864534132570176439e+01 -7.441041740104590474e+01 4.416032693667969511e+02 2.499068586658855784e-01 6.505220663380486545e-01 -3.871609935081513076e-01 4.982654663709588760e+00 5.826441637931358031e+01 1.708838570398895840e+01 2.815602946968505194e+01 3.069612302800390680e+01 1.016095283366802704e+01 9.300105746773555438e+03 -5.337198619401579691e+00 1.134055654778358457e+00
-4.823470634654375317e+03 -3.888673244203600007e+03 -6.204818801879308694e+02 -3.473276295469498109e+03 -3.461237209030523445e+02 -2.073216388128028029e+02 -5.340342525784199097e+02 -7.113318401501803692e+02 -5.256343572614762252e+02 4.726787729166169783e+01 4.285115154207173305e+01 -1.087565991755112016e+01 -1.340452188206474737e+01 -2.713236840038836917e+00 9.085272742170474203e+00 4.286415554980025263e+03 3.018393184478155490e+03 1.633979085653872062e+03 4.946355585093223226e+02 -2.167538962985745457e+02 -1.184934623114942269e+02 -5.411122014053088236e+01 -5.258608915552099461e+01 -2.921418937228094848e+01 -2.969453228936362876e+01 -6.408743173372086233e+01 -8.380772394799699043e+01 -6.990225235341044652e+01 -3.784691826971634043e+01 -5.337198619401734234e+00 8.813088748423732568e+02 -7.840274539435395695e+01
2.278680326563606684e+01 3.616783484912711089e+01 1.763966135160927351e+01 2.488674623792273444e+00 6.816248639502743956e+00 5.866534408943451240e+01 5.485690077233518025e+01 2.253015592548997503e+01 -2.531441788612046295e+01 3.298525195209270233e+00 -1.012511709425349071e+00 1.456475867257863044e+00 1.199154950535707420e-01 1.582886992637641543e-02 -8.379635327597536598e-01 -6.277655597999734027e+02 -2.057571169274823717e+02 2.014234856177564126e+01 9.549391050778466195e+01 3.969358833465199865e+01 1.570126538441891029e+01 3.318201451902034194e+00 3.994997169379891910e-01 -2.780689300702084421e-01 5.399389629516338829e+00 1.208003692359757864e+01 1.155197367084426752e+01 4.554073816896215376e+00 1.023436781397862871e-02 1.134055654778367561e+00 -7.840274539435391432e+01 1.106572324321233936e+01
