7.182655322330502095e+05 3.318199965306165977e+05 9.878890224502445199e+04 4.113588516412276658e+05 7.341589956060907571e+04 -6.028283083732060186e+04 -1.045097290926473579e+04 -1.170377981674483090e+04 -1.889022359271571622e+04 -2.562896484402626083e+04 -1.906146356767428006e+04 1.291816869240399137e+04 2.522733449360453051e+03 3.725474323220716997e+03 6.223785698880398741e+03 6.123313149826045446e+03 6.814553066399585987e+03 -1.147787635489612148e+04 -4.788178756360355328e+04 -6.910815924825638649e+04 -7.685859720086172456e+04 -6.310980381653888617e+04 3.492977627184686185e+01 -7.702716833227141251e+02 -1.383648741681457068e+03 -1.979253951774282768e+03 -9.302983172637472308e+03 -8.352726539690420395e+03 -1.013660599880465270e+04 -9.140767643729666815e+03 -7.851769441483769697e+03 -6.554181306207861780e+03 -7.285009525595433843e+03 3.469108862299974305e+01
3.318199965306185768e+05 5.771008145337643800e+05 -3.309531571982183232e+04 4.397437730505298241e+05 -3.172600697170407147e+04 3.748275626642545103e+04 9.128485312558275837e+03 2.801815963749506773e+04 5.583524918446104493e+03 5.399502345138860619e+03 1.128671098981521754e+04 -2.439879408707590119e+04 -3.525143550065121417e+03 -9.802534634703901247e+03 -1.713048775013550767e+04 -2.091701525134098847e+04 -2.964909034089142733e+04 -9.064557613451059296e+03 -3.269766817800409626e+04 -4.695809831968221260e+04 -5.179645931042960729e+04 -4.120947610646350950e+04 1.117161834615782254e+02 -2.801827223291913924e+02 -6.534913309728344757e+02 -1.173172075715483061e+03 -6.084138693779532332e+03 4.056351226257337657e+03 9.630230193966403021e+03 1.482408304291938657e+04 1.955868469164543058e+04 2.852909290697781762e+04 -5.839626546318505461e+03 5.818478117824340501e+01
9.878890224502370984e+04 -3.309531571982221794e+04 3.524123540006171243e+04 -1.426036618181547965e+04 2.847643616450075933e+04 -1.890543409589034491e+04 -3.794009948743669156e+03 -8.785998733430122229e+03 -1.167088813817871142e+03 -5.935520238383246578e+03 -5.109246082158144418e+03 9.718445761720435257e+03 8.230006263131906508e+02 2.672415219129495199e+03 4.705138492438389221e+03 5.209839931667719611e+03 6.962596653620408688e+03 -1.735943619653085534e+03 -5.262517994686921156e+03 -6.634189176780567323e+03 -6.555679064885392108e+03 -4.670834723687592486e+03 4.863637129442569318e+01 -2.129772753893128012e+01 -7.803451779063757954e+01 -1.484956533218640118e+02 -7.035749042564501678e+02 -1.094335354043711277e+03 -2.574626855194532254e+03 -4.041367569012139029e+03 -5.143301437557123791e+03 -6.505120368191159287e+03 -9.223858058130419977e+02 2.625073927774619165e+01
4.113588516412283643e+05 4.397437730505315121e+05 -1.426036618181538870e+04 5.426362142109067645e+05 -2.630372926002104577e+04 -5.186118361251549686e+03 7.838822030787795256e+02 1.048063076367067151e+04 -1.500733507784871836e+04 1.990863966326347054e+03 7.925466660958073589e+03 -1.612532314829762436e+04 5.420861252698807675e+02 -3.808253632833466781e+03 -6.302353191378586416e+03 -8.301208434421156198e+03 -1.310053002216816458e+04 -8.108534330235544076e+03 -3.733641296651341690e+04 -5.450298169208406762e+04 -6.053862237268358149e+04 -4.964389753980852402e+04 -4.817018438609567710e+01 -7.097143642257062766e+02 -1.197562106630129165e+03 -1.623766773786043814e+03 -7.310166497951682686e+03 -5.549445353591929234e+03 -3.108303034787032630e+03 1.679216355703019644e+03 6.924871775958869875e+03 1.229123156388205280e+04 -5.295167650981405131e+03 3.464620982299743801e+00
7.341589956060826080e+04 -3.172600697170310377e+04 2.847643616450045010e+04 -2.630372926002028180e+04 2.421601187082696561e+04 -1.447405788919338192e+04 -2.953624353225858158e+03 -6.389585393781630955e+03 -5.136464733309770736e+02 -5.550650342005255879e+03 -5.096782079545610031e+03 8.106740268053052205e+03 5.603344186434078438e+02 2.022945187061744264e+03 3.478036388095606526e+03 3.866473873259212723e+03 5.371546616650486612e+03 -8.876724305065334875e+02 -2.667003293792965906e+03 -3.606849933471316945e+03 -3.911064512746919718e+03 -3.126873260643496906e+03 2.546477105211937797e+01 -9.136180632700583004e+00 -4.098221123701869573e+01 -8.398635485429196024e+01 -4.653864395366321105e+02 -7.330071729460727283e+02 -1.870945987750680388e+03 -2.966743426984232428e+03 -3.886185049046816857e+03 -5.013227703958681559e+03 -5.106412311249240474e+02 1.024569717588350670e+01
-6.028283083732076193e+04 3.748275626642605494e+04 -1.890543409589040311e+04 -5.186118361252035356e+03 -1.447405788919322913e+04 1.670194994324219078e+04 3.452267485924753601e+03 1.115494932037027638e+03 1.567631565665376684e+03 3.605380183140507143e+03 5.354532840574137481e+03 -5.142635932896239865e+03 -5.890074391712214492e+02 -1.828367885786098441e+03 -3.506700864391494179e+03 -4.608089466607437316e+03 -6.704434072143893900e+03 7.132734717460520812e+01 9.893890971699850070e+02 3.071808123871715452e+03 5.203528429909122679e+03 6.035382515753408370e+03 1.254170037134987581e+01 4.691114884943630159e+01 1.054013066203696525e+02 1.591938293676894602e+02 8.891927879665814771e+02 1.535128075470862541e+03 3.108489004600002772e+03 4.043709965777238722e+03 4.827648091736323295e+03 6.585782829017358381e+03 1.871315134542117562e+02 1.981365977322242955e+01
-1.045097290926472670e+04 9.128485312558399528e+03 -3.794009948743620498e+03 7.838822030787528092e+02 -2.953624353225844970e+03 3.452267485924734046e+03 7.414487704321753654e+02 -1.229907179425752020e+02 -1.377699070169116169e+02 5.387604332336998141e+02 1.213218264875938075e+03 -1.062946218048550236e+03 -5.622030805347632310e+01 -2.950039151334532903e+02 -6.446466754395055432e+02 -9.643445455133546602e+02 -1.539559154278506412e+03 -1.586834152126394031e+02 -2.428728856519119290e+02 1.615763966806685517e+02 8.183228104380693821e+02 1.383618383664060275e+03 6.114844294937262781e+00 5.219576501546038472e+00 1.460316284144919230e+01 2.734616397267404508e+01 2.031915956585831964e+02 1.950678030367385247e+02 5.199173206789255346e+02 7.798039752779774290e+02 1.029358289188406843e+03 1.524382516305105355e+03 -2.038013865802676605e+01 8.144643055451005864e+00
-1.170377981674453622e+04 2.801815963749499861e+04 -8.785998733429923959e+03 1.048063076367027315e+04 -6.389585393781513631e+03 1.115494932036995806e+03 -1.229907179425820516e+02 7.168611577105807373e+05 -9.967544686411164002e+04 3.565650919248082573e+02 -4.586288854274868072e+02 8.997744313307122184e+02 -1.243746906509923974e+04 2.636619829463028964e+03 -2.558730327288051853e+02 -2.645992021608577147e+02 8.703919728559210967e+01 -5.687175382128053570e+03 -1.938150518284177224e+03 -9.323149772019938609e+03 -3.880309076146602365e+03 8.260479431571724263e+01 2.471672120682024953e+01 1.310997226798225483e+02 -4.506897736310835398e+02 -2.559075407886860205e+02 1.240515204127875393e+01 9.688309419686247566e+03 -8.386095693574061443e+03 1.576890616938435983e+02 2.985030043942405769e+02 3.846821280208875748e+01 -5.243076865580208050e+02 1.024798501140278404e+02
-1.889022359271570895e+04 5.583524918445938965e+03 -1.167088813817860228e+03 -1.500733507784866379e+04 -5.136464733308896484e+02 1.567631565665292328e+03 -1.377699070169013567e+02 -9.967544686411209113e+04 1.270645689154912485e+06 -2.959750027264506789e+05 2.412042163343022548e+04 -1.405007991640822638e+03 -3.751747960921943104e+03 4.194031657548062867e+03 9.162185811587511125e+03 -3.992065767531470328e+02 -2.899859990709765611e+02 -1.897399296680953967e+03 -1.122069043395325934e+04 7.654333258723039762e+03 -4.500534214390402667e+03 -3.997145534372139537e+03 1.034215797513900981e+02 4.987247524092217077e+02 -1.393394997092309406e+00 -1.416132742087448264e+02 -8.539774996505690297e+02 1.232156127662556173e+04 7.151913544825768440e+03 -1.856575114798418872e+04 1.273599944621868644e+03 1.628801217717249585e+02 -8.655927198369993221e+02 9.479300903561056657e+01
-2.562896484402658461e+04 5.399502345139097088e+03 -5.935520238383438482e+03 1.990863966326600348e+03 -5.550650342005388666e+03 3.605380183140619010e+03 5.387604332336844664e+02 3.565650919252561835e+02 -2.959750027264512028e+05 2.024198839660862228e+06 -2.732437612911874894e+05 -3.648816983521851853e+03 5.908505527504705697e+02 -1.584893236227892521e+04 1.349990163587204552e+04 7.476920527872290222e+03 -3.166942382257115014e+02 -5.773393388885823470e+02 -1.568518644822561328e+03 -1.167305804224603162e+04 6.020790709875471293e+03 -5.348818421604386458e+03 1.973796134059477225e+01 2.165960466087612701e+01 5.712143199696541842e+02 2.947488123118047838e+02 -9.713559192485495259e+02 5.131898849282721642e+01 2.557583564635886796e+04 7.270977527325604569e+03 -1.617499055927183508e+04 -1.640963490947943058e+02 -1.087270807701134345e+03 2.453609844997189171e+01
-1.906146356767413090e+04 1.128671098981557589e+04 -5.109246082158372701e+03 7.925466660958652938e+03 -5.096782079545717352e+03 5.354532840574234797e+03 1.213218264875933301e+03 -4.586288854277472637e+02 2.412042163342925414e+04 -2.732437612911891774e+05 4.134081053940321319e+06 3.200197457137825404e+04 2.616187901607270305e+02 2.952817043840565475e+03 -1.814104514388773532e+04 8.644949961539803189e+04 2.887717089912447136e+03 -1.347673946479647213e+02 -6.086879781634759183e+02 -7.674064687295499425e+02 -9.213965598598140787e+03 2.129140596311041008e+03 6.223365904308240992e+00 9.553934029991793864e+00 2.811934927866461820e+00 9.235193772077229823e+01 4.748525322030016582e+02 2.207626569588034613e+02 -8.735782615085606722e+02 2.042072008642153378e+04 2.785517910656954700e+04 2.132001330694080480e+03 -8.651790947099336790e+02 -4.466680778245309114e+01
1.291816869240325468e+04 -2.439879408707530092e+04 9.718445761720186056e+03 -1.612532314829669303e+04 8.106740268052592910e+03 -5.142635932896181657e+03 -1.062946218048514538e+03 8.997744313307919128e+02 -1.405007991640630507e+03 -3.648816983522167902e+03 3.200197457137659512e+04 1.386758169954346027e+06 5.204103477012331780e+00 1.245706130802421541e+02 1.833829944449346669e+02 -1.594465981030735975e+03 8.336139912641620322e+04 6.398329617250835355e+01 1.644564133869056093e+02 2.700903074764011080e+02 3.324863982844695443e+01 3.970265823737980554e+03 -1.044592617872513118e+00 -1.599129887962544627e+00 1.713597727069636312e+00 6.809309496028174635e+01 7.283800857991055864e+02 -8.727678995874188672e+01 -1.651823778366416207e+02 3.629338756710199618e+02 -2.626083906304129414e+02 1.039656620446320812e+04 -4.635985881586749002e+01 -6.160732093922869801e+00
2.522733449360427130e+03 -3.525143550065142335e+03 8.230006263131866717e+02 5.420861252698612134e+02 5.603344186434064795e+02 -5.890074391712244051e+02 -5.622030805347569071e+01 -1.243746906509926703e+04 -3.751747960922027687e+03 5.908505527505042210e+02 2.616187901607065669e+02 5.204103477015497248e+00 7.301891828725018058e+03 -9.524980244952652129e+02 -3.847451622636514657e+01 2.850052187467954212e+01 1.149342852441585849e+00 -4.449620719591062823e+01 6.343472712334275343e+01 -3.279093631235220840e+01 1.436760508333601365e+02 5.195093400585766119e+01 -1.512271186241175691e+01 -9.119935354272962869e+00 -5.838616003579418567e+00 1.176342403460663988e+00 1.242505038786131877e+01 -5.600320598105129648e+03 4.677374626879361017e+02 1.081727874139578489e+02 4.824459634729366897e+00 -2.477455109544433043e+00 4.628898101171087376e+01 -1.342580865544751756e+00
3.725474323220739734e+03 -9.802534634704032214e+03 2.672415219129456091e+03 -3.808253632833431311e+03 2.022945187061735624e+03 -1.828367885786083662e+03 -2.950039151334501071e+02 2.636619829463034421e+03 4.194031657547909163e+03 -1.584893236227887792e+04 2.952817043840642327e+03 1.245706130802281422e+02 -9.524980244952583917e+02 1.469624555541800328e+04 -1.761507511810416418e+03 -2.138057187037057076e+02 4.917626450016122419e+00 -6.218878663626914971e+01 -3.218874041131027752e+02 -6.885600521564266785e+01 -1.974251327472279343e+02 -8.586972006620726461e+00 3.784039793441997368e+00 6.977500437922933507e+00 -1.734542717787040189e+01 1.216007374245376971e+00 -6.087052023868491091e+00 8.480977103979903404e+02 -1.105924855153578937e+04 7.947741990298916335e+02 2.390507286202505668e+02 1.207362009038627093e+01 -1.043899260129260220e+01 2.778810541406339762e+00
6.223785698880436939e+03 -1.713048775013552950e+04 4.705138492438445610e+03 -6.302353191378569136e+03 3.478036388095617440e+03 -3.506700864391475534e+03 -6.446466754395096359e+02 -2.558730327287849207e+02 9.162185811587447461e+03 1.349990163587205461e+04 -1.814104514388782991e+04 1.833829944449856555e+02 -3.847451622636496182e+01 -1.761507511810412780e+03 2.508756762726379384e+04 -1.234395123572434386e+03 7.616890786484403009e+01 -3.815438245508516069e+00 8.415074084348701433e+01 -3.150906930172571379e+02 -7.189349460991218166e+01 4.797462242405955379e+01 3.312130624513887622e-01 -5.813210813206883820e+00 2.328018423074547982e+01 -1.192478800848825138e+01 1.913981919710154145e+01 2.195557340967416593e+01 1.578697182752592425e+03 -1.687716742044794591e+04 3.222452288184639428e+02 -1.779718635692399076e+01 -1.808472496029787635e+01 -1.713945355040950580e-01
6.123313149826095469e+03 -2.091701525134107942e+04 5.209839931667622295e+03 -8.301208434421325364e+03 3.866473873259194079e+03 -4.608089466607549184e+03 -9.643445455133761470e+02 -2.645992021608382174e+02 -3.992065767532146765e+02 7.476920527872350249e+03 8.644949961539864307e+04 -1.594465981030696867e+03 2.850052187467857934e+01 -2.138057187037021833e+02 -1.234395123572430521e+03 4.500221762451432733e+04 -5.350332603844342430e+02 6.918632508065853060e+00 -1.543979791812397906e+01 1.375642269154298560e+02 -4.698563405627222096e+02 3.749363561025928249e+01 -8.020244745476520776e-02 1.888472117762223679e+00 -1.099030815715444831e+01 -1.146924473013497092e+01 -2.747596166990058109e+01 -9.516540711368799421e+00 1.989406006916809417e+02 5.700214948155802404e+02 -3.133920110554479834e+04 1.861999395155494597e+01 2.165097731936885950e+01 3.516173825022851585e+00
6.814553066399454110e+03 -2.964909034089133638e+04 6.962596653620254074e+03 -1.310053002216804998e+04 5.371546616650439319e+03 -6.704434072143832054e+03 -1.539559154278502547e+03 8.703919728559594660e+01 -2.899859990709234694e+02 -3.166942382257878421e+02 2.887717089912298434e+03 8.336139912641634874e+04 1.149342852439788842e+00 4.917626450012835271e+00 7.616890786483783415e+01 -5.350332603844320829e+02 3.364398172798159794e+04 2.076870641689581021e+00 1.335208356522017326e+01 2.331159853908959434e+01 -3.630270997321016324e+01 -1.660951362593772274e+02 -6.304869632424203729e-02 -5.307840449438380181e-01 6.692652421931809537e-01 5.185412809167307735e+00 -4.460453217977308760e-01 -6.719418585814718625e+00 -8.449326494599352699e+00 2.859320012978825076e+01 1.371737160293338320e+02 -2.274260917103982501e+04 -2.403369229137592811e+01 -3.307535676062058450e+00
-1.147787635489607419e+04 -9.064557613451042926e+03 -1.735943619653094629e+03 -8.108534330235508605e+03 -8.876724305065328053e+02 7.132734717460817819e+01 -1.586834152126394599e+02 -5.687175382128048113e+03 -1.897399296680957832e+03 -5.773393388885766626e+02 -1.347673946479715141e+02 6.398329617251199863e+01 -4.449620719590964057e+01 -6.218878663626864522e+01 -3.815438245508369963e+00 6.918632508065626574e+00 2.076870641690300001e+00 6.476651735237433604e+04 -3.379713246686746061e+03 -1.920160949715873585e+03 -1.009811719935181372e+03 -3.734348691418546196e+02 -1.176594672475951938e+03 -4.191118153763680709e+01 -4.143898004893163289e+01 -2.852283575032473095e+01 -5.261366909134370928e+01 -9.510895731461718015e+02 -2.770198812041543306e+02 -8.103544050883115801e+01 -1.597428038004134088e+01 1.492390513979775735e+00 6.437513914055361965e+03 -9.424956057056872396e+02
-4.788178756360326224e+04 -3.269766817800411081e+04 -5.262517994686916609e+03 -3.733641296651335870e+04 -2.667003293792968179e+03 9.893890971699852344e+02 -2.428728856519121280e+02 -1.938150518284179498e+03 -1.122069043395321387e+04 -1.568518644822568604e+03 -6.086879781634968367e+02 1.644564133869109810e+02 6.343472712334508401e+01 -3.218874041131023773e+02 8.415074084348874806e+01 -1.543979791812544988e+01 1.335208356522013950e+01 -3.379713246686751518e+03 9.193368407383875456e+04 -6.314180163941846331e+03 -4.213702601415991921e+03 -1.833170609580714427e+03 8.323887443774539463e+01 -1.440792265270827102e+02 -7.588775611322334669e+01 -8.889569888947113441e+01 -2.484308823716966401e+02 -4.226224977994126775e+00 -1.305046285844253816e+03 -3.312722492420099343e+02 -4.000430257773790998e+01 -1.137143746350013096e+01 4.579365711511200061e+03 -3.097328091760958273e+02
-6.910815924825656111e+04 -4.695809831968216895e+04 -6.634189176780566413e+03 -5.450298169208419858e+04 -3.606849933471321492e+03 3.071808123871728185e+03 1.615763966806676422e+02 -9.323149772019920420e+03 7.654333258723067956e+03 -1.167305804224604799e+04 -7.674064687295493741e+02 2.700903074763947416e+02 -3.279093631235098627e+01 -6.885600521564896326e+01 -3.150906930172590137e+02 1.375642269154307940e+02 2.331159853909090174e+01 -1.920160949715873812e+03 -6.314180163941851788e+03 8.302800880565126135e+04 -7.011451190788974600e+03 -3.134374968041533975e+03 7.516112623209147614e+01 1.059209224502631912e+02 3.569395631963752749e+02 -1.594383154416370587e+02 -4.162418343947972517e+02 1.053478923258686109e+03 1.146727600063663317e+02 -1.158576769438345082e+03 -1.916686618723828133e+02 -2.031847369975718820e+01 2.551602493272035190e+03 3.008770775288223120e+01
-7.685859720086171001e+04 -5.179645931042943994e+04 -6.555679064885389380e+03 -6.053862237268361787e+04 -3.911064512746923356e+03 5.203528429909126316e+03 8.183228104380690411e+02 -3.880309076146623738e+03 -4.500534214390472698e+03 6.020790709875495850e+03 -9.213965598598171709e+03 3.324863982844209431e+01 1.436760508333530595e+02 -1.974251327472434525e+02 -7.189349460992016816e+01 -4.698563405627256202e+02 -3.630270997320616999e+01 -1.009811719935180690e+03 -4.213702601415990102e+03 -7.011451190788966414e+03 6.074336877750094573e+04 -4.119276734627984297e+03 4.427238794006783706e+01 5.156070636932691542e+01 1.191793597908035309e+02 9.882045223505728018e+02 -5.613240533091764064e+02 6.293260316222265374e+02 1.934735786686234178e+03 7.007930059238583453e+02 -6.231050684279665575e+02 -1.532069555345127654e+01 8.435138111631969196e+02 1.443359196409425067e+02
-6.310980381653887162e+04 -4.120947610646358225e+04 -4.670834723687609767e+03 -4.964389753980858950e+04 -3.126873260643535104e+03 6.035382515753405642e+03 1.383618383664059820e+03 8.260479431567637221e+01 -3.997145534372173188e+03 -5.348818421604367359e+03 2.129140596311037370e+03 3.970265823737986011e+03 5.195093400585404453e+01 -8.586972006626670151e+00 4.797462242406052724e+01 3.749363561026462577e+01 -1.660951362593743283e+02 -3.734348691418531985e+02 -1.833170609580711243e+03 -3.134374968041533066e+03 -4.119276734627960650e+03 2.377664631051815741e+04 1.697918932318140151e+01 1.837762536490805942e+01 3.382923283877259735e+01 4.212298253473741738e+01 3.408751032152966218e+03 3.297394624317900025e+02 9.979690855637635423e+02 1.564589054838050288e+03 1.507981717825666010e+03 8.008784154145445200e+02 -2.338097109682208838e+02 6.667585867544546829e+01
3.492977627184740896e+01 1.117161834615777423e+02 4.863637129442560791e+01 -4.817018438609624553e+01 2.546477105211940994e+01 1.254170037134987403e+01 6.114844294937267222e+00 2.471672120682013229e+01 1.034215797513896575e+02 1.973796134059490015e+01 6.223365904308306717e+00 -1.044592617872621698e+00 -1.512271186241177290e+01 3.784039793441940525e+00 3.312130624514015853e-01 -8.020244745474945647e-02 -6.304869632426318704e-02 -1.176594672475952393e+03 8.323887443774543726e+01 7.516112623209141930e+01 4.427238794006787970e+01 1.697918932318138729e+01 9.428011438909290121e+01 -2.763572656187698318e-01 1.309566381034858118e+00 1.176528973065265937e+00 2.400457554403660598e+00 4.369056630098086913e+01 1.335670837139455358e+01 3.534945246593978130e+00 7.870308954068637730e-01 1.000206616310484881e-01 -1.777701499680362645e+02 2.356101740689076252e+01
-7.702716833227156030e+02 -2.801827223291944051e+02 -2.129772753893161763e+01 -7.097143642257050260e+02 -9.136180632700980908e+00 4.691114884943637264e+01 5.219576501546035807e+00 1.310997226798246516e+02 4.987247524092196045e+02 2.165960466087722835e+01 9.553934029992710464e+00 -1.599129887962194685e+00 -9.119935354272925565e+00 6.977500437922830478e+00 -5.813210813207053462e+00 1.888472117762330704e+00 -5.307840449437718489e-01 -4.191118153763686394e+01 -1.440792265270833923e+02 1.059209224502631344e+02 5.156070636932701490e+01 1.837762536490809495e+01 -2.763572656187693877e-01 7.802847412794606896e+01 5.141745169665099979e+00 1.664603178884397572e+00 2.361043628786289261e+00 -6.520995200335594433e+00 4.256250968257322853e+01 6.818968444381114935e+00 -8.125233259148817444e-01 4.672682721646232995e-01 -8.304341302566243144e+01 5.030271786448081706e+00
-1.383648741681454112e+03 -6.534913309728336799e+02 -7.803451779063736637e+01 -1.197562106630126891e+03 -4.098221123701860336e+01 1.054013066203696525e+02 1.460316284144899512e+01 -4.506897736310825735e+02 -1.393394997095307009e+00 5.712143199696545253e+02 2.811934927864804035e+00 1.713597727070483634e+00 -5.838616003579304881e+00 -1.734542717787066479e+01 2.328018423074576404e+01 -1.099030815715475384e+01 6.692652421934778273e-01 -4.143898004893158316e+01 -7.588775611322346037e+01 3.569395631963753317e+02 1.191793597908030762e+02 3.382923283877245524e+01 1.309566381034860783e+00 5.141745169665090209e+00 8.949798233666760439e+01 7.260301167032995551e+00 6.020544622564046655e+00 4.639689851395192477e+01 1.740001747049438663e+01 4.565939489885926150e+01 9.136421544491708957e+00 -5.151916748487495035e-01 -7.933979415778479449e+01 5.080713768337171699e-01
-1.979253951774285497e+03 -1.173172075715483061e+03 -1.484956533218639834e+02 -1.623766773786044951e+03 -8.398635485429197445e+01 1.591938293676903697e+02 2.734616397267389587e+01 -2.559075407886855089e+02 -1.416132742087459633e+02 2.947488123118062049e+02 9.235193772076912921e+01 6.809309496028137687e+01 1.176342403460842512e+00 1.216007374245307471e+00 -1.192478800848850007e+01 -1.146924473013508816e+01 5.185412809167355697e+00 -2.852283575032478069e+01 -8.889569888947129073e+01 -1.594383154416373429e+02 9.882045223505724607e+02 4.212298253473754528e+01 1.176528973065265049e+00 1.664603178884385137e+00 7.260301167032992886e+00 7.572716895116161595e+01 4.996869275555586576e+00 2.163631074582388081e+01 6.567399427504278719e+01 1.518575986526541932e+01 2.292766975945301766e+01 6.815897752406176124e+00 -4.280956501912307033e+01 -6.374267980545954559e-01
-9.302983172637474127e+03 -6.084138693779534151e+03 -7.035749042564488036e+02 -7.310166497951698148e+03 -4.653864395366317694e+02 8.891927879665828414e+02 2.031915956585832248e+02 1.240515204127460436e+01 -8.539774996505718718e+02 -9.713559192485478206e+02 4.748525322029975655e+02 7.283800857991070643e+02 1.242505038786075566e+01 -6.087052023869015116e+00 1.913981919710228041e+01 -2.747596166990164335e+01 -4.460453217973969764e-01 -5.261366909134359560e+01 -2.484308823716965264e+02 -4.162418343947968538e+02 -5.613240533091757243e+02 3.408751032152966218e+03 2.400457554403671256e+00 2.361043628786295923e+00 6.020544622564070636e+00 4.996869275555566148e+00 5.017963323263294342e+02 3.552480030789078569e+01 1.381686940303681013e+02 2.450242599454610115e+02 2.477588862248563260e+02 1.034553058954787161e+02 -3.349518625002620098e+01 8.956147705036626050e+00
-8.352726539690424033e+03 4.056351226257338112e+03 -1.094335354043721054e+03 -5.549445353591923777e+03 -7.330071729460632923e+02 1.535128075470856402e+03 1.950678030367379847e+02 9.688309419686278488e+03 1.232156127662558174e+04 5.131898849281577668e+01 2.207626569588199175e+02 -8.727678995875021428e+01 -5.600320598105128738e+03 8.480977103979928415e+02 2.195557340967840076e+01 -9.516540711367181160e+00 -6.719418585816326228e+00 -9.510895731461728246e+02 -4.226224977992899312e+00 1.053478923258693840e+03 6.293260316222271058e+02 3.297394624317874445e+02 4.369056630098086202e+01 -6.520995200335717001e+00 4.639689851395212372e+01 2.163631074582382041e+01 3.552480030789062937e+01 8.567308206351241097e+03 5.403271733863514328e+02 1.106831825320010552e+02 3.929363980659351085e+01 5.025972421333955609e+00 -1.105635464584688776e+02 1.831787754471389817e+01
-1.013660599880466907e+04 9.630230193966488514e+03 -2.574626855194559084e+03 -3.108303034787002161e+03 -1.870945987750695849e+03 3.108489004599989130e+03 5.199173206789271262e+02 -8.386095693574052348e+03 7.151913544825822100e+03 2.557583564635886069e+04 -8.735782615086231999e+02 -1.651823778366513125e+02 4.677374626879313837e+02 -1.105924855153579301e+04 1.578697182752596518e+03 1.989406006916921399e+02 -8.449326494606834714e+00 -2.770198812041541032e+02 -1.305046285844254271e+03 1.146727600063622106e+02 1.934735786686223719e+03 9.979690855637620643e+02 1.335670837139454648e+01 4.256250968257307221e+01 1.740001747049416636e+01 6.567399427504244613e+01 1.381686940303674476e+02 5.403271733863504096e+02 1.445161725182661394e+04 1.101851050589077886e+03 1.726801011876313794e+02 1.942112492161074400e-01 -1.345983815792939708e+02 1.662888595783803325e+01
-9.140767643729717747e+03 1.482408304291933382e+04 -4.041367569012132662e+03 1.679216355703111276e+03 -2.966743426984215603e+03 4.043709965777220077e+03 7.798039752779764058e+02 1.576890616938445646e+02 -1.856575114798418508e+04 7.270977527325610936e+03 2.042072008642154105e+04 3.629338756710019425e+02 1.081727874139553194e+02 7.947741990298933388e+02 -1.687716742044795683e+04 5.700214948155697812e+02 2.859320012978352210e+01 -8.103544050883077432e+01 -3.312722492420084563e+02 -1.158576769438341444e+03 7.007930059238523199e+02 1.564589054838051425e+03 3.534945246593989232e+00 6.818968444380984373e+00 4.565939489885948888e+01 1.518575986526515820e+01 2.450242599454608978e+02 1.106831825320040252e+02 1.101851050589070610e+03 1.868849395106478914e+04 9.959512733530417563e+02 1.102873460429696628e+01 -1.174981541894876642e+02 6.507189138314153354e+00
-7.851769441483596893e+03 1.955868469164485214e+04 -5.143301437557101053e+03 6.924871775958839862e+03 -3.886185049046839140e+03 4.827648091736386050e+03 1.029358289188417757e+03 2.985030043942449538e+02 1.273599944621872055e+03 -1.617499055927200789e+04 2.785517910656917957e+04 -2.626083906305220808e+02 4.824459634728786916e+00 2.390507286202349633e+02 3.222452288184630333e+02 -3.133920110554493658e+04 1.371737160293283182e+02 -1.597428038004130890e+01 -4.000430257773825105e+01 -1.916686618723805395e+02 -6.231050684279689449e+02 1.507981717825661690e+03 7.870308954068848672e-01 -8.125233259148403331e-01 9.136421544491424740e+00 2.292766975945298924e+01 2.477588862248560986e+02 3.929363980659500299e+01 1.726801011876520988e+02 9.959512733530316382e+02 3.385161607388845005e+04 -1.091984201869910009e+02 -6.294799828370122441e+01 -4.103863635330607940e-01
-6.554181306207808120e+03 2.852909290697786855e+04 -6.505120368191148373e+03 1.229123156388215284e+04 -5.013227703958658822e+03 6.585782829017305630e+03 1.524382516305113995e+03 3.846821280209017146e+01 1.628801217717047507e+02 -1.640963490947450225e+02 2.132001330694312401e+03 1.039656620446305897e+04 -2.477455109543079015e+00 1.207362009039178119e+01 -1.779718635691971329e+01 1.861999395155279657e+01 -2.274260917103984320e+04 1.492390513980341726e+00 -1.137143746350085927e+01 -2.031847369975609396e+01 -1.532069555344790679e+01 8.008784154145477032e+02 1.000206616310336388e-01 4.672682721646907456e-01 -5.151916748485224629e-01 6.815897752406229415e+00 1.034553058954790146e+02 5.025972421333020357e+00 1.942112492084742126e-01 1.102873460429346864e+01 -1.091984201869875761e+02 2.447510934158075179e+04 1.525011439989808437e+01 3.266304321932604893e+00
-7.285009525595424748e+03 -5.839626546318507280e+03 -9.223858058130396103e+02 -5.295167650981416045e+03 -5.106412311249216032e+02 1.871315134542118415e+02 -2.038013865802677316e+01 -5.243076865580216008e+02 -8.655927198369927282e+02 -1.087270807701135027e+03 -8.651790947099302684e+02 -4.635985881586768897e+01 4.628898101171078849e+01 -1.043899260129278161e+01 -1.808472496029814636e+01 2.165097731936878844e+01 -2.403369229137598850e+01 6.437513914055368332e+03 4.579365711511198242e+03 2.551602493272033826e+03 8.435138111631927131e+02 -2.338097109682204859e+02 -1.777701499680362929e+02 -8.304341302566272986e+01 -7.933979415778489397e+01 -4.280956501912336876e+01 -3.349518625002612282e+01 -1.105635464584693750e+02 -1.345983815792941414e+02 -1.174981541894876500e+02 -6.294799828370142336e+01 1.525011439989811279e+01 1.342707197495675246e+03 -1.170573487970080038e+02
3.469108862299636797e+01 5.818478117824277263e+01 2.625073927774587546e+01 3.464620982300573360e+00 1.024569717588346229e+01 1.981365977322246508e+01 8.144643055451014746e+00 1.024798501140275704e+02 9.479300903561011182e+01 2.453609844997204803e+01 -4.466680778245289929e+01 -6.160732093922885788e+00 -1.342580865544794166e+00 2.778810541406276702e+00 -1.713945355041113228e-01 3.516173825022842703e+00 -3.307535676062053565e+00 -9.424956057056876944e+02 -3.097328091760947473e+02 3.008770775288208910e+01 1.443359196409425351e+02 6.667585867544545408e+01 2.356101740689085844e+01 5.030271786448092364e+00 5.080713768337205005e-01 -6.374267980546014511e-01 8.956147705036586970e+00 1.831787754471387331e+01 1.662888595783808654e+01 6.507189138314174670e+00 -4.103863635330599613e-01 3.266304321932601784e+00 -1.170573487970082027e+02 1.669468859907281200e+01
