4.788436875820538844e+05 2.212133307555555948e+05 6.585926808449659438e+04 2.742392340991403325e+05 4.894393298180645797e+04 -7.802519868487904205e+03 -1.259348238006577776e+04 -1.708597654222750498e+04 -1.270764236323432306e+04 8.612112451291261095e+03 1.681822297559977869e+03 2.483649545840160954e+03 4.149190460952409012e+03 4.082208761663329369e+03 4.543035372160326915e+03 -7.651917560769114971e+03 -3.192119167084983201e+04 -4.607210611034230533e+04 -5.123906473922636360e+04 -4.207320249398532906e+04 2.328651748668413290e+01 -5.135144549336467890e+02 -9.224324933498837709e+02 -1.319502632936357713e+03 -6.201988774332718094e+03 -5.568484353126506903e+03 -6.757737324445451122e+03 -6.093845088523698905e+03 -5.234512954721957612e+03 -4.369454198907058526e+03 -4.856673011248718467e+03 2.312739238763977667e+01
2.212133307555546635e+05 3.847338758952078060e+05 -2.206354378679689762e+04 2.931625150160196936e+05 -2.115067128914623027e+04 1.867877306929944825e+04 3.722349941174008563e+03 3.599668225782564605e+03 7.524473984201181338e+03 -1.626586270524203246e+04 -2.350095697229648067e+03 -6.535023081978281880e+03 -1.142032515308365691e+04 -1.394467681753187571e+04 -1.976606020359494505e+04 -6.043038401732067541e+03 -2.179844542590352285e+04 -3.130539884230641837e+04 -3.453097283227602748e+04 -2.747298403808251169e+04 7.447745555187978539e+01 -1.867884813291552746e+02 -4.356608867936090519e+02 -7.821147162072348920e+02 -4.056092457663356072e+03 2.704234147600489905e+03 6.420153454957548092e+03 9.882722016780457125e+03 1.303912311215151385e+04 1.901939524854671254e+04 -3.893084359551165562e+03 3.878985407238545235e+01
6.585926808449704549e+04 -2.206354378679733418e+04 2.349415690524482125e+04 -9.506910776494798483e+03 1.898429075360419665e+04 -5.857332481940466096e+03 -7.780592082804035954e+02 -3.957013487517907379e+03 -3.406164050693958416e+03 6.478963833389670071e+03 5.486670835518750664e+02 1.781610143953210809e+03 3.136758991203274945e+03 3.473226616953250414e+03 4.641731096856025943e+03 -1.157295745049771995e+03 -3.508345325590758875e+03 -4.422792779224992046e+03 -4.370452704690875180e+03 -3.113889812063485806e+03 3.242424749079576429e+01 -1.419848500895474608e+01 -5.202301179813845522e+01 -9.899710209604781141e+01 -4.690499356093746997e+02 -7.295569018223268358e+02 -1.716417901407999125e+03 -2.694245042782302335e+03 -3.428867620932733189e+03 -4.336746906935096376e+03 -6.149238698057889678e+02 1.750049283087718521e+01
2.742392340991397505e+05 2.931625150160188787e+05 -9.506910776494709353e+03 3.617574757074766676e+05 -1.753581948568427106e+04 6.987087167414711075e+03 -1.000489003992015205e+04 1.327242642628278418e+03 5.283644434313012425e+03 -1.075021541932704167e+04 3.613907497472167165e+02 -2.538835752182626038e+03 -4.201568789221872976e+03 -5.534138949654973658e+03 -8.733686670988658079e+03 -5.405689547018165285e+03 -2.489094194787384185e+04 -3.633532108455208800e+04 -4.035908153346737527e+04 -3.309593165358021361e+04 -3.211345621894871272e+01 -4.731429089173096827e+02 -7.983747367975324778e+02 -1.082511181227944917e+03 -4.873444326132856077e+03 -3.699630231298398030e+03 -2.072202020710273246e+03 1.119477569128354844e+03 4.616581178445201658e+03 8.194154366110600677e+03 -3.530111763094366324e+03 2.309747318770183355e+00
4.894393298180617421e+04 -2.115067128914635396e+04 1.898429075360422939e+04 -1.753581948568507505e+04 1.614400789455587437e+04 -4.259723590754299948e+03 -3.424309818106866601e+02 -3.700433556906300510e+03 -3.397854715628943268e+03 5.404493505564364568e+03 3.735562786483421291e+02 1.348630123093128759e+03 2.318690922620919991e+03 2.577649245753369087e+03 3.581031073479435690e+03 -5.917816196291516917e+02 -1.778002193733188278e+03 -2.404566619435238863e+03 -2.607376338709499578e+03 -2.084582171266500154e+03 1.697651401442040253e+01 -6.090787081174448225e+00 -2.732147412530026642e+01 -5.599090316915702203e+01 -3.102576259862864276e+02 -4.886714480456287220e+02 -1.247297323673756182e+03 -1.977828948954749876e+03 -2.590790029596041222e+03 -3.342151798637577940e+03 -3.404274870090238210e+02 6.830464775744020223e+00
-7.802519868488043358e+03 1.867877306929942642e+04 -5.857332481940429716e+03 6.987087167414704709e+03 -4.259723590754315410e+03 4.779074379015250015e+05 -6.645029782984696794e+04 2.377100609987013797e+02 -3.057525899189176357e+02 5.998496201690143153e+02 -8.291646033471915871e+03 1.757746550870878082e+03 -1.705820216149691078e+02 -1.763994678960545173e+02 5.802613145425647900e+01 -3.791450250212552874e+03 -1.292100343975772375e+03 -6.215433173904934847e+03 -2.586872714333826934e+03 5.506986281121595539e+01 1.647781411815135399e+01 8.739981501524026442e+01 -3.004598487276495007e+02 -1.706050269881914119e+02 8.270101350951925667e+00 6.458872938724314736e+03 -5.590730455688966686e+03 1.051260410033833637e+02 1.990020026912836215e+02 2.564547517069044247e+01 -3.495384572868495638e+02 6.831989999421955417e+01
-1.259348238006581232e+04 3.722349941174211381e+03 -7.780592082804098482e+02 -1.000489003992039943e+04 -3.424309818106706871e+02 -6.645029782984712801e+04 8.470971250890503870e+05 -1.973166682480545132e+05 1.608028106970044973e+04 -9.366719933056353966e+02 -2.501165304286706487e+03 2.796021101684329096e+03 6.108123867078479634e+03 -2.661377175168304916e+02 -1.933239991491910814e+02 -1.264932862939477900e+03 -7.480460280345855608e+03 5.102888833039038218e+03 -3.000356139334674026e+03 -2.664763686390942894e+03 6.894771975170945666e+01 3.324831678747336809e+02 -9.289299969515183442e-01 -9.440884935946398571e+01 -5.693183324187398284e+02 8.214374174582011619e+03 4.767942357508598434e+03 -1.237716741717035620e+04 8.490666287313551948e+02 1.085867477178191081e+02 -5.770618125337518904e+02 6.319533928141039070e+01
-1.708597654222750498e+04 3.599668225782826539e+03 -3.957013487517964222e+03 1.327242642628656313e+03 -3.700433556906446483e+03 2.377100609986885047e+02 -1.973166682480544841e+05 1.349465891491534421e+06 -1.821625073093576648e+05 -2.432544652768885044e+03 3.939003680287113980e+02 -1.056595489553537300e+04 8.999934413139151729e+03 4.984613679280237193e+03 -2.111294918977156669e+02 -3.848928921315582556e+02 -1.045679095296397236e+03 -7.782038685513329256e+03 4.013860468444599064e+03 -3.565878943466831515e+03 1.315864087797517890e+01 1.443973642329592444e+01 3.808095461904962349e+02 1.964992079726038412e+02 -6.475706120570307576e+02 3.421265895426873982e+01 1.705055707715805693e+04 4.847318345746767591e+03 -1.078332702660381256e+04 -1.093975659321955050e+02 -7.248472042662342574e+02 1.635739894706349773e+01
-1.270764236323417390e+04 7.524473984201211351e+03 -3.406164050693908393e+03 5.283644434312580415e+03 -3.397854715628749545e+03 -3.057525899189735128e+02 1.608028106970005865e+04 -1.821625073093581886e+05 2.756054032660415396e+06 2.133464968870874145e+04 1.744125265649929872e+02 1.968544693536835211e+03 -1.209403008144498017e+04 5.763299967459509935e+04 1.925144724303333533e+03 -8.984492965773874573e+01 -4.057919849564657966e+02 -5.116043118738478483e+02 -6.142643725044248640e+03 1.419427062507871142e+03 4.148910597904585273e+00 6.369289345702293659e+00 1.874623282999497320e+00 6.156795840680112519e+01 3.165683544229730728e+02 1.471751044629853027e+02 -5.823855069751211886e+02 1.361381337464789613e+04 1.857011938214586917e+04 1.421334218760986687e+03 -5.767860624493755495e+02 -2.977787181931606142e+01
8.612112451290839090e+03 -1.626586270524195970e+04 6.478963833389540014e+03 -1.075021541932673244e+04 5.404493505564306361e+03 5.998496201689986265e+02 -9.366719933055928777e+02 -2.432544652768982814e+03 2.133464968870910889e+04 9.245054455293263309e+05 3.469402313854599296e+00 8.304707528740183875e+01 1.222553294835746840e+02 -1.062977319414515250e+03 5.557426601773880247e+04 4.265553073060122102e+01 1.096376087933363124e+02 1.800602047686975595e+02 2.216575985908104940e+01 2.646843879322946577e+03 -6.963950777479072096e-01 -1.066086590698522407e+00 1.142398483345330673e+00 4.539539658583547066e+01 4.855867232846820229e+02 -5.818452656949828850e+01 -1.101215850925925821e+02 2.419559168243135616e+02 -1.750722602106034742e+02 6.931044128010277745e+03 -3.090657250690685132e+01 -4.107154724364455944e+00
1.681822297559990830e+03 -2.350095697229668076e+03 5.486670835518739295e+02 3.613907497472265504e+02 3.735562786483444597e+02 -8.291646033472006820e+03 -2.501165304286757419e+03 3.939003680287372049e+02 1.744125265650018264e+02 3.469402313859357712e+00 4.867927879988353197e+03 -6.349986822365683565e+02 -2.564967745353203199e+01 1.900034789370559452e+01 7.662285673769561045e-01 -2.966413809508987498e+01 4.228981803159613406e+01 -2.186062418205884228e+01 9.578403377422523590e+01 3.463395596243823604e+01 -1.008180789620363349e+01 -6.079956895569227804e+00 -3.892410664392507158e+00 7.842282680349754731e-01 8.283366915323220780e+00 -3.733547060933269222e+03 3.118249747519458310e+02 7.211519152295990409e+01 3.216306419300170027e+00 -1.651636737718506165e+00 3.085932063752634491e+01 -8.950539092915426043e-01
2.483649545840118208e+03 -6.535023081978274604e+03 1.781610143953180568e+03 -2.538835752182536908e+03 1.348630123093098973e+03 1.757746550870846932e+03 2.796021101684371843e+03 -1.056595489553536936e+04 1.968544693536846125e+03 8.304707528741502642e+01 -6.349986822365621038e+02 9.797497025214875976e+03 -1.174338339800909807e+03 -1.425371456318328853e+02 3.278417629418891366e+00 -4.145919104120725507e+01 -2.145916024851400152e+02 -4.590400342213803953e+01 -1.316167550072374297e+02 -5.724647997562076540e+00 2.522693192607578183e+00 4.651666953045918262e+00 -1.156361810473552865e+01 8.106715818596760270e-01 -4.058034677720735672e+00 5.653984729217143013e+02 -7.372832358863088302e+03 5.298494653855458409e+02 1.593671522227047035e+02 8.049080050621405746e+00 -6.959328392529403828e+00 1.852540358719511726e+00
4.149190460952472677e+03 -1.142032515308353504e+04 3.136758991203333153e+03 -4.201568789221883890e+03 2.318690922620925448e+03 -1.705820216149432724e+02 6.108123867078606054e+03 8.999934413139122626e+03 -1.209403008144488376e+04 1.222553294835647222e+02 -2.564967745352907258e+01 -1.174338339800907988e+03 1.672504506481774661e+04 -8.229300813963072869e+02 5.077927184909647451e+01 -2.543625493960439687e+00 5.610049382849069843e+01 -2.100604617600043582e+02 -4.792899634923691110e+01 3.198308157774971505e+01 2.208087080365609689e-01 -3.875473870831377177e+00 1.552012280191536320e+01 -7.949858662807852916e+00 1.275987944945792307e+01 1.463704892225556264e+01 1.052464787241622616e+03 -1.125144493349400545e+04 2.148301522884203507e+02 -1.186479089041162638e+01 -1.205648329243064865e+01 -1.142630235326123345e-01
4.082208761663016048e+03 -1.394467681753161924e+04 3.473226616953232678e+03 -5.534138949654859971e+03 2.577649245753240393e+03 -1.763994678960300462e+02 -2.661377175168289000e+02 4.984613679280158976e+03 5.763299967459499749e+04 -1.062977319414586191e+03 1.900034789370441501e+01 -1.425371456318018772e+02 -8.229300813963370729e+02 3.000147838042242438e+04 -3.566888398292426245e+02 4.612421666520996055e+00 -1.029319859975795382e+01 9.170948450048477696e+01 -3.132375600001135467e+02 2.499575704357506112e+01 -5.346829823913983037e-02 1.258981410334032658e+00 -7.326872095997452483e+00 -7.646163144268506962e+00 -1.831730775800285826e+01 -6.344360466649296093e+00 1.326270669689888564e+02 3.800143294220620760e+02 -2.089280071201511964e+04 1.241332928618127518e+01 1.443398486229744648e+01 2.344115880541947305e+00
4.543035372160352381e+03 -1.976606020359510148e+04 4.641731096856039585e+03 -8.733686670988663536e+03 3.581031073479416136e+03 5.802613145426115437e+01 -1.933239991491704757e+02 -2.111294918977469592e+02 1.925144724303371277e+03 5.557426601773878792e+04 7.662285673739702707e-01 3.278417629416317869e+00 5.077927184909583502e+01 -3.566888398292280158e+02 2.242932112513326501e+04 1.384580426135744391e+00 8.901389032821272806e+00 1.554106567412178919e+01 -2.420180661983035009e+01 -1.107300907070075766e+02 -4.203246416585169898e-02 -3.538560295388044064e-01 4.461768275947611273e-01 3.456941868639125115e+00 -2.973635475090669056e-01 -4.479612385178597833e+00 -5.632884322990988402e+00 1.906213339702970444e+01 9.144914391006251719e+01 -1.516173942920682202e+04 -1.602246150840036165e+01 -2.205023781401311389e+00
-7.651917560769151351e+03 -6.043038401732062084e+03 -1.157295745049771085e+03 -5.405689547018123449e+03 -5.917816196291528286e+02 -3.791450250212547871e+03 -1.264932862939477673e+03 -3.848928921315602452e+02 -8.984492965774036577e+01 4.265553073060304001e+01 -2.966413809509050736e+01 -4.145919104120743270e+01 -2.543625493960727457e+00 4.612421666521131947e+00 1.384580426135814557e+00 4.317767818321995583e+04 -2.253142161760160889e+03 -1.280107298277917153e+03 -6.732078124840952569e+02 -2.489565791298293504e+02 -7.843964473781487641e+02 -2.794078765830465017e+01 -2.762598666621126853e+01 -1.901522381078316570e+01 -3.507577935223324772e+01 -6.340597146716265797e+02 -1.846799205816538745e+02 -5.402362694120499498e+01 -1.064952024061010150e+01 9.949270081285641609e-01 4.291675937565195454e+03 -6.283304030514959777e+02
-3.192119167084988658e+04 -2.179844542590350829e+04 -3.508345325590751600e+03 -2.489094194787380911e+04 -1.778002193733186687e+03 -1.292100343975770556e+03 -7.480460280345866522e+03 -1.045679095296409287e+03 -4.057919849564707420e+02 1.096376087933396946e+02 4.228981803159653907e+01 -2.145916024851376562e+02 5.610049382848905708e+01 -1.029319859975900719e+01 8.901389032822603298e+00 -2.253142161760159070e+03 6.128912264251145825e+04 -4.209453437587952067e+03 -2.809135064247303490e+03 -1.222113738257248315e+03 5.549258289205612016e+01 -9.605281756971804441e+01 -5.059183734824227940e+01 -5.926379918869159980e+01 -1.656205880495009524e+02 -2.817483315289363688e+00 -8.700308561878219962e+02 -2.208481658969193120e+02 -2.666953501989392450e+01 -7.580958299923394428e+00 3.052910470685568725e+03 -2.064885392035029383e+02
-4.607210611034250178e+04 -3.130539884230634925e+04 -4.422792779225001141e+03 -3.633532108455202979e+04 -2.404566619435238863e+03 -6.215433173904946671e+03 5.102888833039037308e+03 -7.782038685513314704e+03 -5.116043118738193698e+02 1.800602047686769538e+02 -2.186062418205980507e+01 -4.590400342214191198e+01 -2.100604617600030792e+02 9.170948450048447853e+01 1.554106567412004303e+01 -1.280107298277917153e+03 -4.209453437587948429e+03 5.535200580416163575e+04 -4.674300788262805327e+03 -2.089583309525844925e+03 5.010741742806766297e+01 7.061394821562969071e+01 2.379597085126754337e+02 -1.062922101671611159e+02 -2.774945559309555847e+02 7.023192813315786225e+02 7.644850657938037841e+01 -7.723845120341256916e+02 -1.277791077619324938e+02 -1.354564911695319118e+01 1.701068326811345287e+03 2.005847181123889555e+01
-5.123906473922637088e+04 -3.453097283227595472e+04 -4.370452704690883365e+03 -4.035908153346734616e+04 -2.607376338709498668e+03 -2.586872714333818749e+03 -3.000356139334687668e+03 4.013860468444593607e+03 -6.142643725044256826e+03 2.216575985908449553e+01 9.578403377422101528e+01 -1.316167550072441372e+02 -4.792899634922479635e+01 -3.132375600001183216e+02 -2.420180661982745107e+01 -6.732078124840944611e+02 -2.809135064247298487e+03 -4.674300788262803508e+03 4.049557913651556009e+04 -2.746184486464001111e+03 2.951492525804056655e+01 3.437380420506236334e+01 7.945290643207380299e+01 6.588030141116007599e+02 -3.742160350914052174e+02 4.195506872458291241e+02 1.289823856246523974e+03 4.671953367232013079e+02 -4.154033784546163588e+02 -1.021379702340535545e+01 5.623425401021727339e+02 9.622394631208673843e+01
-4.207320249398539454e+04 -2.747298403808249714e+04 -3.113889812063497629e+03 -3.309593165358024999e+04 -2.084582171266497426e+03 5.506986281120850890e+01 -2.664763686390938346e+03 -3.565878943466822875e+03 1.419427062507856135e+03 2.646843879322942030e+03 3.463395596244051688e+01 -5.724647997559436874e+00 3.198308157774616234e+01 2.499575704357749828e+01 -1.107300907070069229e+02 -2.489565791298287820e+02 -1.222113738257249224e+03 -2.089583309525846289e+03 -2.746184486464008387e+03 1.585109752136703355e+04 1.131945953523487347e+01 1.225175022860307195e+01 2.255282186551285051e+01 2.808198832286941737e+01 2.272500685381127823e+03 2.198263080246643710e+02 6.653127229125983604e+02 1.043059368643186644e+03 1.005321144013443586e+03 5.339189429704389340e+02 -1.558731404588547491e+02 4.445057239707662688e+01
2.328651748668419685e+01 7.447745555188073752e+01 3.242424749079572877e+01 -3.211345621894785296e+01 1.697651401442040964e+01 1.647781411815134689e+01 6.894771975170925771e+01 1.315864087797528903e+01 4.148910597904692743e+00 -6.963950777479623877e-01 -1.008180789620361750e+01 2.522693192607567969e+00 2.208087080365749577e-01 -5.346829823913979568e-02 -4.203246416585122019e-02 -7.843964473781496736e+02 5.549258289205612726e+01 5.010741742806767007e+01 2.951492525804055944e+01 1.131945953523488946e+01 6.285340951747459570e+01 -1.842381768585922008e-01 8.730442529779496308e-01 7.843526477710794920e-01 1.600305034353073363e+00 2.912704416578032607e+01 8.904472236935120577e+00 2.356630161574408078e+00 5.246872629763688067e-01 6.668044100753034442e-02 -1.185134331701289767e+02 1.570734491912091713e+01
-5.135144549336483806e+02 -1.867884813291550472e+02 -1.419848500895462706e+01 -4.731429089173120701e+02 -6.090787081174926065e+00 8.739981501524052021e+01 3.324831678747314641e+02 1.443973642329695117e+01 6.369289345702199512e+00 -1.066086590698571923e+00 -6.079956895569200270e+00 4.651666953045658026e+00 -3.875473870831267487e+00 1.258981410334123474e+00 -3.538560295388523680e-01 -2.794078765830459687e+01 -9.605281756971857021e+01 7.061394821562996071e+01 3.437380420506260492e+01 1.225175022860302043e+01 -1.842381768585918123e-01 5.201898268968211880e+01 3.427830109005940429e+00 1.109735451260904116e+00 1.574029083972947163e+00 -4.347330128352077772e+00 2.837500642107564630e+01 4.545978957477865734e+00 -5.416822166280100825e-01 3.115121810700930971e-01 -5.536227528415681576e+01 3.353514520283591871e+00
-9.224324933498853625e+02 -4.356608867936092793e+02 -5.202301179813809284e+01 -7.983747367975311136e+02 -2.732147412530048314e+01 -3.004598487276502397e+02 -9.289299969492219589e-01 3.808095461904954959e+02 1.874623282999674512e+00 1.142398483345981264e+00 -3.892410664392566666e+00 -1.156361810473542739e+01 1.552012280191502924e+01 -7.326872095997352119e+00 4.461768275947809448e-01 -2.762598666621123300e+01 -5.059183734824221546e+01 2.379597085126753768e+02 7.945290643207380299e+01 2.255282186551273327e+01 8.730442529779489647e-01 3.427830109005952419e+00 5.966532148634141208e+01 4.840200772226840087e+00 4.013696410237123757e+00 3.093126563893414982e+01 1.160001163310755956e+01 3.043959656279442072e+01 6.090947689035107970e+00 -3.434611161546060609e-01 -5.289319604186133716e+01 3.387142508169364574e-01
-1.319502632936358623e+03 -7.821147162072351193e+02 -9.899710209604727140e+01 -1.082511181227948327e+03 -5.599090316915704335e+01 -1.706050269881915824e+02 -9.440884935946323253e+01 1.964992079726033296e+02 6.156795840679971121e+01 4.539539658583621673e+01 7.842282680349044188e-01 8.106715818595876533e-01 -7.949858662807597121e+00 -7.646163144268575351e+00 3.456941868639261450e+00 -1.901522381078318347e+01 -5.926379918869141505e+01 -1.062922101671616133e+02 6.588030141116005325e+02 2.808198832286982594e+01 7.843526477710766054e-01 1.109735451260907446e+00 4.840200772226855186e+00 5.048477924032933117e+01 3.331246179715279254e+00 1.442420714661245285e+01 4.378266279760774893e+01 1.012383989805591256e+01 1.528511315466785625e+01 4.543931829497009467e+00 -2.853970997857823733e+01 -4.249511981942646899e-01
-6.201988774332714456e+03 -4.056092457663361529e+03 -4.690499356093759502e+02 -4.873444326132850620e+03 -3.102576259862844381e+02 8.270101350950909591e+00 -5.693183324187349399e+02 -6.475706120570321218e+02 3.165683544229728454e+02 4.855867232846815682e+02 8.283366915323510327e+00 -4.058034677720301353e+00 1.275987944945768149e+01 -1.831730775800230049e+01 -2.973635475088471924e-01 -3.507577935223299903e+01 -1.656205880495014924e+02 -2.774945559309550731e+02 -3.742160350914070364e+02 2.272500685381127369e+03 1.600305034353076916e+00 1.574029083972948495e+00 4.013696410237161061e+00 3.331246179715245059e+00 3.345308878170217781e+02 2.368320017690505708e+01 9.211246257662581627e+01 1.633495064347300172e+02 1.651725906188107160e+02 6.897020384774168633e+01 -2.233012413994842404e+01 5.970765129542299654e+00
-5.568484353126481437e+03 2.704234147600473079e+03 -7.295569018223084186e+02 -3.699630231298408034e+03 -4.886714480456309957e+02 6.458872938724409323e+03 8.214374174582058913e+03 3.421265895424906489e+01 1.471751044629870080e+02 -5.818452656950262281e+01 -3.733547060933277862e+03 5.653984729217156655e+02 1.463704892226041032e+01 -6.344360466651015606e+00 -4.479612385180704592e+00 -6.340597146716262387e+02 -2.817483315289209145e+00 7.023192813315790772e+02 4.195506872458247472e+02 2.198263080246620120e+02 2.912704416578032252e+01 -4.347330128351989842e+00 3.093126563893410719e+01 1.442420714661242265e+01 2.368320017690485457e+01 5.711538797395777692e+03 3.602181151596131485e+02 7.378878826632312382e+01 2.619575983970148414e+01 3.350648276877463250e+00 -7.370903088406163306e+01 1.221191834852134939e+01
-6.757737324445422018e+03 6.420153454957467147e+03 -1.716417901407955696e+03 -2.072202020710306442e+03 -1.247297323673728897e+03 -5.590730455688939401e+03 4.767942357508585701e+03 1.705055707715805329e+04 -5.823855069751234623e+02 -1.101215850926144810e+02 3.118249747519440120e+02 -7.372832358863089212e+03 1.052464787241626937e+03 1.326270669690200918e+02 -5.632884322994253345e+00 -1.846799205816534482e+02 -8.700308561878198361e+02 7.644850657937814731e+01 1.289823856246518744e+03 6.653127229126010889e+02 8.904472236935109919e+00 2.837500642107547577e+01 1.160001163310776029e+01 4.378266279760772761e+01 9.211246257662601522e+01 3.602181151596124664e+02 9.634411489682530373e+03 7.345673661798833791e+02 1.151200673205765810e+02 1.294741659883336116e-01 -8.973225427876047888e+01 1.108592395861892399e+01
-6.093845088523687082e+03 9.882722016780480772e+03 -2.694245042782280052e+03 1.119477569128375308e+03 -1.977828948954779207e+03 1.051260410033384574e+02 -1.237716741717035984e+04 4.847318345746834893e+03 1.361381337464775061e+04 2.419559168243398517e+02 7.211519152295797142e+01 5.298494653855467504e+02 -1.125144493349397271e+04 3.800143294220359849e+02 1.906213339703336374e+01 -5.402362694120499498e+01 -2.208481658969200225e+02 -7.723845120341264874e+02 4.671953367232100618e+02 1.043059368643185962e+03 2.356630161574416071e+00 4.545978957477903926e+00 3.043959656279429282e+01 1.012383989805627138e+01 1.633495064347296193e+02 7.378878826632745813e+01 7.345673661798865623e+02 1.245899595245944874e+04 6.639675147737375482e+02 7.352489727396191554e+00 -7.833210269920540725e+01 4.338126087015444554e+00
-5.234512954721828464e+03 1.303912311215151567e+04 -3.428867620932714544e+03 4.616581178445123442e+03 -2.590790029595912074e+03 1.990020026912430353e+02 8.490666287313601970e+02 -1.078332702660385803e+04 1.857011938214590555e+04 -1.750722602105966530e+02 3.216306419301179886e+00 1.593671522226781008e+02 2.148301522884399049e+02 -2.089280071201521423e+04 9.144914391007546328e+01 -1.064952024060990965e+01 -2.666953501989539532e+01 -1.277791077619339433e+02 -4.154033784546207357e+02 1.005321144013443472e+03 5.246872629763661422e-01 -5.416822166279025019e-01 6.090947689035179913e+00 1.528511315466786691e+01 1.651725906188111139e+02 2.619575983969945909e+01 1.151200673206045053e+02 6.639675147737216321e+02 2.256774402223874495e+04 -7.279894670417351676e+01 -4.196533213888964298e+01 -2.735909086944692259e-01
-4.369454198907130376e+03 1.901939524854667616e+04 -4.336746906935105471e+03 8.194154366110704359e+03 -3.342151798637569300e+03 2.564547517067489935e+01 1.085867477178302778e+02 -1.093975659321873337e+02 1.421334218761060811e+03 6.931044128010286840e+03 -1.651636737714528458e+00 8.049080050624056071e+00 -1.186479089040831347e+01 1.241332928617248754e+01 -1.516173942920683294e+04 9.949270081286473166e-01 -7.580958299921984889e+00 -1.354564911695469753e+01 -1.021379702340055218e+01 5.339189429704408667e+02 6.668044100753524328e-02 3.115121810700371974e-01 -3.434611161545532698e-01 4.543931829497220853e+00 6.897020384774199897e+01 3.350648276875443532e+00 1.294741659851008642e-01 7.352489727395600028e+00 -7.279894670415549740e+01 1.631673954151792896e+04 1.016674292109287414e+01 2.177536212014584915e+00
-4.856673011248755756e+03 -3.893084359551167381e+03 -6.149238698057880583e+02 -3.530111763094372691e+03 -3.404274870090247305e+02 -3.495384572868484270e+02 -5.770618125337515494e+02 -7.248472042662376680e+02 -5.767860624493757769e+02 -3.090657250690821201e+01 3.085932063752613175e+01 -6.959328392529445573e+00 -1.205648329243022587e+01 1.443398486229718003e+01 -1.602246150840040784e+01 4.291675937565179083e+03 3.052910470685569180e+03 1.701068326811343013e+03 5.623425401021721655e+02 -1.558731404588544933e+02 -1.185134331701290051e+02 -5.536227528415675181e+01 -5.289319604186120927e+01 -2.853970997857834035e+01 -2.233012413994856971e+01 -7.370903088406140569e+01 -8.973225427876026572e+01 -7.833210269920533619e+01 -4.196533213888925218e+01 1.016674292109283329e+01 8.951381305920332352e+02 -7.803823243790419895e+01
2.312739238763971983e+01 3.878985407238537420e+01 1.750049283087755825e+01 2.309747318767144009e+00 6.830464775744290229e+00 6.831989999421952575e+01 6.319533928141041912e+01 1.635739894706359721e+01 -2.977787181931625682e+01 -4.107154724364495912e+00 -8.950539092915362760e-01 1.852540358719507507e+00 -1.142630235325757387e-01 2.344115880541944197e+00 -2.205023781401316274e+00 -6.283304030514956366e+02 -2.064885392035033078e+02 2.005847181123886358e+01 9.622394631208676685e+01 4.445057239707657004e+01 1.570734491912088693e+01 3.353514520283598088e+00 3.387142508169340149e-01 -4.249511981942729055e-01 5.970765129542298766e+00 1.221191834852134761e+01 1.108592395861895064e+01 4.338126087015425014e+00 -2.735909086944600110e-01 2.177536212014584471e+00 -7.803823243790412789e+01 1.112979238605623422e+01
